01,73734435247,20220101011510,20220101012608,11,0.0,1.5,0.5,100,true
01,73734435247,20220107020430,20220107021549,11,0.0,1.5,0.5,100,true
01,73734435247,20220115041413,20220115042056,11,0.0,1.5,0.5,100,true
01,73734435247,20220120052713,20220120054046,11,0.0,1.5,0.5,100,true
01,73734435247,20220214080015,20220214082542,11,0.0,1.5,0.5,100,true
01,73734435247,20220217163924,20220217164708,11,0.0,1.5,0.5,100,true
01,73734435247,20220303005032,20220303011256,11,0.0,1.5,0.5,100,true
01,73734435247,20220309081440,20220309082320,11,0.0,1.5,0.5,100,true
01,73734435247,20220324182135,20220324184651,11,0.0,1.5,0.5,100,true
01,73734435247,20220403214710,20220403215047,11,0.0,1.5,0.5,100,true
01,73734435307,20220101011510,20220101012510,11,0.0,1.5,0.5,100,true
01,73734435307,20220117033125,20220117035559,11,0.0,1.5,0.5,100,true
01,73734435307,20220212082605,20220212084213,11,0.0,1.5,0.5,100,true
01,73734435307,20220226091515,20220226092839,11,0.0,1.5,0.5,100,true
01,73734435307,20220326152509,20220326153046,11,0.0,1.5,0.5,100,true
01,73734435307,20220328024611,20220328030816,11,0.0,1.5,0.5,100,true
01,73734435307,20220415025710,20220415030742,11,0.0,1.5,0.5,100,true
01,73734435307,20220423072728,20220423074808,11,0.0,1.5,0.5,100,true
01,73734435307,20220501125602,20220501131931,11,0.0,1.5,0.5,100,true
01,73734435307,20220501125620,20220501131925,11,0.0,1.5,0.5,100,true
01,73734435343,20220101011510,20220101011901,06,100.0,1.0,0.0,300,false
01,73734435343,20220119081551,20220119082827,06,100.0,1.0,0.0,300,false
01,73734435343,20220122115730,20220122121729,06,100.0,1.0,0.0,300,false
01,73734435343,20220212134450,20220212140127,06,100.0,1.0,0.0,300,false
01,73734435343,20220225213430,20220225220116,06,100.0,1.0,0.0,300,false
01,73734435343,20220316001018,20220316002132,06,100.0,1.0,0.0,300,false
01,73734435343,20220328031838,20220328034028,06,100.0,1.0,0.0,300,false
01,73734435343,20220414101935,20220414102759,06,100.0,1.0,0.0,300,false
01,73734435343,20220416202505,20220416203159,06,100.0,1.0,0.0,300,false
01,73734435343,20220507015054,20220507020902,06,100.0,1.0,0.0,300,false
02,73734435567,20220101011510,20220101013936,06,100.0,1.0,0.0,300,false
02,73734435567,20220120061114,20220120062916,06,100.0,1.0,0.0,300,false
02,73734435567,20220204133224,20220204134129,06,100.0,1.0,0.0,300,false
02,73734435567,20220215210111,20220215210606,06,100.0,1.0,0.0,300,false
02,73734435567,20220314043759,20220314043904,06,100.0,1.0,0.0,300,false
02,73734435567,20220403103425,20220403105744,06,100.0,1.0,0.0,300,false
02,73734435567,20220423113107,20220423113558,06,100.0,1.0,0.0,300,false
02,73734435567,20220513163632,20220513164750,06,100.0,1.0,0.0,300,false
02,73734435567,20220521011112,20220521013443,06,100.0,1.0,0.0,300,false
02,73734435567,20220619083307,20220619083639,06,100.0,1.0,0.0,300,false
01,73734435643,20220101011510,20220101012203,03,0.0,1.5,0.0,0,false
01,73734435643,20220113065940,20220113070100,03,0.0,1.5,0.0,0,false
01,73734435643,20220209113912,20220209113931,03,0.0,1.5,0.0,0,false
01,73734435643,20220223121900,20220223122742,03,0.0,1.5,0.0,0,false
01,73734435643,20220225193557,20220225200300,03,0.0,1.5,0.0,0,false
01,73734435643,20220322065712,20220322071627,03,0.0,1.5,0.0,0,false
01,73734435643,20220323175858,20220323180409,03,0.0,1.5,0.0,0,false
01,73734435643,20220401024107,20220401024221,03,0.0,1.5,0.0,0,false
01,73734435643,20220418090617,20220418093442,03,0.0,1.5,0.0,0,false
01,73734435643,20220511104130,20220511110510,03,0.0,1.5,0.0,0,false
02,73734435727,20220101011510,20220101013607,03,0.0,1.5,0.0,0,false
02,73734435727,20220121053210,20220121054537,03,0.0,1.5,0.0,0,false
02,73734435727,20220214135557,20220214141714,03,0.0,1.5,0.0,0,false
02,73734435727,20220219201742,20220219203833,03,0.0,1.5,0.0,0,false
02,73734435727,20220227073402,20220227074543,03,0.0,1.5,0.0,0,false
02,73734435727,20220303165128,20220303171401,03,0.0,1.5,0.0,0,false
02,73734435727,20220305233723,20220306000507,03,0.0,1.5,0.0,0,false
02,73734435727,20220320010239,20220320011714,03,0.0,1.5,0.0,0,false
02,73734435727,20220322112411,20220322114226,03,0.0,1.5,0.0,0,false
02,73734435727,20220412204913,20220412210034,03,0.0,1.5,0.0,0,false
01,73734435819,20220101011510,20220101011722,06,100.0,1.0,0.0,300,false
01,73734435819,20220105080832,20220105083617,06,100.0,1.0,0.0,300,false
01,73734435819,20220117113702,20220117114847,06,100.0,1.0,0.0,300,false
01,73734435819,20220123161259,20220123162740,06,100.0,1.0,0.0,300,false
01,73734435819,20220130020919,20220130021122,06,100.0,1.0,0.0,300,false
01,73734435819,20220130093546,20220130095338,06,100.0,1.0,0.0,300,false
01,73734435819,20220223203501,20220223210207,06,100.0,1.0,0.0,300,false
01,73734435819,20220223211827,20220223212229,06,100.0,1.0,0.0,300,false
01,73734435819,20220225055438,20220225062257,06,100.0,1.0,0.0,300,false
01,73734435819,20220303111927,20220303112353,06,100.0,1.0,0.0,300,false
01,73734436027,20220101011510,20220101014349,03,0.0,1.5,0.0,0,false
01,73734436027,20220113042341,20220113042812,03,0.0,1.5,0.0,0,false
01,73734436027,20220205153520,20220205154820,03,0.0,1.5,0.0,0,false
01,73734436027,20220219030352,20220219032749,03,0.0,1.5,0.0,0,false
01,73734436027,20220315034444,20220315034834,03,0.0,1.5,0.0,0,false
01,73734436027,20220408143233,20220408144909,03,0.0,1.5,0.0,0,false
01,73734436027,20220430172117,20220430172824,03,0.0,1.5,0.0,0,false
01,73734436027,20220515181204,20220515181914,03,0.0,1.5,0.0,0,false
01,73734436027,20220522202408,20220522203212,03,0.0,1.5,0.0,0,false
01,73734436027,20220526203233,20220526205235,03,0.0,1.5,0.0,0,false
02,73734436143,20220101011510,20220101013716,03,0.0,1.5,0.0,0,false
02,73734436143,20220112050945,20220112053425,03,0.0,1.5,0.0,0,false
02,73734436143,20220206103014,20220206103858,03,0.0,1.5,0.0,0,false
02,73734436143,20220303185246,20220303190453,03,0.0,1.5,0.0,0,false
02,73734436143,20220304040752,20220304041002,03,0.0,1.5,0.0,0,false
02,73734436143,20220322111356,20220322112611,03,0.0,1.5,0.0,0,false
02,73734436143,20220325162757,20220325163225,03,0.0,1.5,0.0,0,false
02,73734436143,20220416235711,20220417000752,03,0.0,1.5,0.0,0,false
02,73734436143,20220418104936,20220418105619,03,0.0,1.5,0.0,0,false
02,73734436143,20220428124156,20220428125732,03,0.0,1.5,0.0,0,false
02,73734436399,20220101011510,20220101012642,06,100.0,1.0,0.0,300,false
02,73734436399,20220110021356,20220110024013,06,100.0,1.0,0.0,300,false
02,73734436399,20220125054137,20220125055748,06,100.0,1.0,0.0,300,false
02,73734436399,20220209153702,20220209154014,06,100.0,1.0,0.0,300,false
02,73734436399,20220304030600,20220304032822,06,100.0,1.0,0.0,300,false
02,73734436399,20220304112530,20220304115101,06,100.0,1.0,0.0,300,false
02,73734436399,20220325195901,20220325201307,06,100.0,1.0,0.0,300,false
02,73734436399,20220401004547,20220401005114,06,100.0,1.0,0.0,300,false
02,73734436399,20220401093133,20220401095140,06,100.0,1.0,0.0,300,false
02,73734436399,20220401133119,20220401134355,06,100.0,1.0,0.0,300,false
01,73734436687,20220101011510,20220101013431,06,100.0,1.0,0.0,300,false
01,73734436687,20220129050400,20220129051927,06,100.0,1.0,0.0,300,false
01,73734436687,20220131145426,20220131151947,06,100.0,1.0,0.0,300,false
01,73734436687,20220221171634,20220221173613,06,100.0,1.0,0.0,300,false
01,73734436687,20220306011555,20220306012317,06,100.0,1.0,0.0,300,false
01,73734436687,20220331080244,20220331081036,06,100.0,1.0,0.0,300,false
01,73734436687,20220403122241,20220403125049,06,100.0,1.0,0.0,300,false
01,73734436687,20220422200007,20220422200254,06,100.0,1.0,0.0,300,false
01,73734436687,20220504210421,20220504212858,06,100.0,1.0,0.0,300,false
01,73734436687,20220601040104,20220601043053,06,100.0,1.0,0.0,300,false
02,73734437359,20220101011510,20220101014437,11,0.0,1.5,0.5,100,true
02,73734437359,20220126053851,20220126055218,11,0.0,1.5,0.5,100,true
02,73734437359,20220212163057,20220212163819,11,0.0,1.5,0.5,100,true
02,73734437359,20220301190159,20220301191627,11,0.0,1.5,0.5,100,true
02,73734437359,20220317220911,20220317221225,11,0.0,1.5,0.5,100,true
02,73734437359,20220326225706,20220326232525,11,0.0,1.5,0.5,100,true
02,73734437359,20220421104709,20220421111427,11,0.0,1.5,0.5,100,true
02,73734437359,20220508134441,20220508140146,11,0.0,1.5,0.5,100,true
02,73734437359,20220605193200,20220605195049,11,0.0,1.5,0.5,100,true
02,73734437359,20220619062130,20220619063911,11,0.0,1.5,0.5,100,true
02,73734437743,20220101011510,20220101013827,03,0.0,1.5,0.0,0,false
02,73734437743,20220101031207,20220101031434,03,0.0,1.5,0.0,0,false
02,73734437743,20220128060252,20220128060924,03,0.0,1.5,0.0,0,false
02,73734437743,20220218102625,20220218104613,03,0.0,1.5,0.0,0,false
02,73734437743,20220307192443,20220307194620,03,0.0,1.5,0.0,0,false
02,73734437743,20220326212546,20220326215346,03,0.0,1.5,0.0,0,false
02,73734437743,20220330040331,20220330041042,03,0.0,1.5,0.0,0,false
02,73734437743,20220405145815,20220405150240,03,0.0,1.5,0.0,0,false
02,73734437743,20220424161620,20220424164014,03,0.0,1.5,0.0,0,false
02,73734437743,20220521032450,20220521034753,03,0.0,1.5,0.0,0,false
01,73734437947,20220101011510,20220101013234,03,0.0,1.5,0.0,0,false
01,73734437947,20220124114410,20220124121147,03,0.0,1.5,0.0,0,false
01,73734437947,20220128204547,20220128210212,03,0.0,1.5,0.0,0,false
01,73734437947,20220225013619,20220225015542,03,0.0,1.5,0.0,0,false
01,73734437947,20220304132033,20220304134950,03,0.0,1.5,0.0,0,false
01,73734437947,20220311231835,20220311233944,03,0.0,1.5,0.0,0,false
01,73734437947,20220326042720,20220326044102,03,0.0,1.5,0.0,0,false
01,73734437947,20220423073347,20220423073525,03,0.0,1.5,0.0,0,false
01,73734437947,20220428132927,20220428133455,03,0.0,1.5,0.0,0,false
01,73734437947,20220517223827,20220517225936,03,0.0,1.5,0.0,0,false
02,73734438379,20220101011510,20220101014054,06,100.0,1.0,0.0,300,false
02,73734438379,20220128112922,20220128113352,06,100.0,1.0,0.0,300,false
02,73734438379,20220215150918,20220215152309,06,100.0,1.0,0.0,300,false
02,73734438379,20220218021335,20220218022535,06,100.0,1.0,0.0,300,false
02,73734438379,20220305131559,20220305133537,06,100.0,1.0,0.0,300,false
02,73734438379,20220312224508,20220312225115,06,100.0,1.0,0.0,300,false
02,73734438379,20220328084936,20220328091902,06,100.0,1.0,0.0,300,false
02,73734438379,20220420173113,20220420175452,06,100.0,1.0,0.0,300,false
02,73734438379,20220427042029,20220427044659,06,100.0,1.0,0.0,300,false
02,73734438379,20220428063832,20220428064625,06,100.0,1.0,0.0,300,false
01,73734438607,20220101011510,20220101012747,11,0.0,1.5,0.5,100,true
01,73734438607,20220119011729,20220119012520,11,0.0,1.5,0.5,100,true
01,73734438607,20220204065403,20220204071404,11,0.0,1.5,0.5,100,true
01,73734438607,20220204184622,20220204190903,11,0.0,1.5,0.5,100,true
01,73734438607,20220302200714,20220302201938,11,0.0,1.5,0.5,100,true
01,73734438607,20220331025406,20220331031614,11,0.0,1.5,0.5,100,true
01,73734438607,20220414054125,20220414055810,11,0.0,1.5,0.5,100,true
01,73734438607,20220510151643,20220510154257,11,0.0,1.5,0.5,100,true
01,73734438607,20220531162510,20220531162535,11,0.0,1.5,0.5,100,true
01,73734438607,20220531175416,20220531181425,11,0.0,1.5,0.5,100,true
01,73734438843,20220101011510,20220101014206,11,0.0,1.5,0.5,100,true
01,73734438843,20220103012515,20220103012522,11,0.0,1.5,0.5,100,true
01,73734438843,20220121102721,20220121103155,11,0.0,1.5,0.5,100,true
01,73734438843,20220201173259,20220201175811,11,0.0,1.5,0.5,100,true
01,73734438843,20220302020347,20220302022631,11,0.0,1.5,0.5,100,true
01,73734438843,20220312050033,20220312052523,11,0.0,1.5,0.5,100,true
01,73734438843,20220409065109,20220409071012,11,0.0,1.5,0.5,100,true
01,73734438843,20220501071902,20220501074516,11,0.0,1.5,0.5,100,true
01,73734438843,20220504123502,20220504125729,11,0.0,1.5,0.5,100,true
01,73734438843,20220521163730,20220521164007,11,0.0,1.5,0.5,100,true
01,73734440427,20220101011510,20220101014447,03,0.0,1.5,0.0,0,false
01,73734440427,20220103082142,20220103083435,03,0.0,1.5,0.0,0,false
01,73734440427,20220129200317,20220129202316,03,0.0,1.5,0.0,0,false
01,73734440427,20220204221928,20220204224005,03,0.0,1.5,0.0,0,false
01,73734440427,20220215034738,20220215041338,03,0.0,1.5,0.0,0,false
01,73734440427,20220313055930,20220313060436,03,0.0,1.5,0.0,0,false
01,73734440427,20220318140747,20220318141509,03,0.0,1.5,0.0,0,false
01,73734440427,20220331182635,20220331183544,03,0.0,1.5,0.0,0,false
01,73734440427,20220419051446,20220419054036,03,0.0,1.5,0.0,0,false
01,73734440427,20220426110611,20220426111617,03,0.0,1.5,0.0,0,false
01,73734440719,20220101011510,20220101014308,06,100.0,1.0,0.0,300,false
01,73734440719,20220109105535,20220109111455,06,100.0,1.0,0.0,300,false
01,73734440719,20220127182239,20220127184630,06,100.0,1.0,0.0,300,false
01,73734440719,20220211051422,20220211052641,06,100.0,1.0,0.0,300,false
01,73734440719,20220221124812,20220221125233,06,100.0,1.0,0.0,300,false
01,73734440719,20220303225553,20220303231224,06,100.0,1.0,0.0,300,false
01,73734440719,20220319040101,20220319042156,06,100.0,1.0,0.0,300,false
01,73734440719,20220323155602,20220323160012,06,100.0,1.0,0.0,300,false
01,73734440719,20220408230257,20220408232315,06,100.0,1.0,0.0,300,false
01,73734440719,20220415011626,20220415012134,06,100.0,1.0,0.0,300,false
01,73734441019,20220101011510,20220101011614,06,100.0,1.0,0.0,300,false
01,73734441019,20220123042914,20220123045223,06,100.0,1.0,0.0,300,false
01,73734441019,20220205162710,20220205162725,06,100.0,1.0,0.0,300,false
01,73734441019,20220221004910,20220221010037,06,100.0,1.0,0.0,300,false
01,73734441019,20220225113641,20220225114530,06,100.0,1.0,0.0,300,false
01,73734441019,20220315193802,20220315194926,06,100.0,1.0,0.0,300,false
01,73734441019,20220319002848,20220319004533,06,100.0,1.0,0.0,300,false
01,73734441019,20220327105411,20220327110946,06,100.0,1.0,0.0,300,false
01,73734441019,20220408172752,20220408175549,06,100.0,1.0,0.0,300,false
01,73734441019,20220430203550,20220430204635,06,100.0,1.0,0.0,300,false
01,73734441643,20220101011510,20220101012806,11,0.0,1.5,0.5,100,true
01,73734441643,20220125020507,20220125023119,11,0.0,1.5,0.5,100,true
01,73734441643,20220216131454,20220216133347,11,0.0,1.5,0.5,100,true
01,73734441643,20220301145455,20220301150336,11,0.0,1.5,0.5,100,true
01,73734441643,20220326154621,20220326155439,11,0.0,1.5,0.5,100,true
01,73734441643,20220405024406,20220405024721,11,0.0,1.5,0.5,100,true
01,73734441643,20220406112716,20220406114022,11,0.0,1.5,0.5,100,true
01,73734441643,20220423224910,20220423225754,11,0.0,1.5,0.5,100,true
01,73734441643,20220506075722,20220506081553,11,0.0,1.5,0.5,100,true
01,73734441643,20220526122343,20220526122810,11,0.0,1.5,0.5,100,true
01,73734442987,20220101011510,20220101013133,11,0.0,1.5,0.5,100,true
01,73734442987,20220123085554,20220123085921,11,0.0,1.5,0.5,100,true
01,73734442987,20220204181459,20220204183340,11,0.0,1.5,0.5,100,true
01,73734442987,20220221000846,20220221002747,11,0.0,1.5,0.5,100,true
01,73734442987,20220316024833,20220316025039,11,0.0,1.5,0.5,100,true
01,73734442987,20220408081033,20220408082311,11,0.0,1.5,0.5,100,true
01,73734442987,20220410120704,20220410122024,11,0.0,1.5,0.5,100,true
01,73734442987,20220413180727,20220413181906,11,0.0,1.5,0.5,100,true
01,73734442987,20220512032052,20220512034346,11,0.0,1.5,0.5,100,true
01,73734442987,20220609070906,20220609072356,11,0.0,1.5,0.5,100,true
01,73734443707,20220101011510,20220101011653,06,100.0,1.0,0.0,300,false
01,73734443707,20220129125526,20220129131500,06,100.0,1.0,0.0,300,false
01,73734443707,20220216000827,20220216002141,06,100.0,1.0,0.0,300,false
01,73734443707,20220218072137,20220218072650,06,100.0,1.0,0.0,300,false
01,73734443707,20220316085240,20220316085402,06,100.0,1.0,0.0,300,false
01,73734443707,20220412144119,20220412151035,06,100.0,1.0,0.0,300,false
01,73734443707,20220416190005,20220416192947,06,100.0,1.0,0.0,300,false
01,73734443707,20220425015711,20220425020404,06,100.0,1.0,0.0,300,false
01,73734443707,20220524094720,20220524101208,06,100.0,1.0,0.0,300,false
01,73734443707,20220617181600,20220617181815,06,100.0,1.0,0.0,300,false
02,73734444079,20220101011510,20220101011526,11,0.0,1.5,0.5,100,true
02,73734444079,20220126023422,20220126024443,11,0.0,1.5,0.5,100,true
02,73734444079,20220224053810,20220224054139,11,0.0,1.5,0.5,100,true
02,73734444079,20220316170031,20220316172327,11,0.0,1.5,0.5,100,true
02,73734444079,20220324183532,20220324185131,11,0.0,1.5,0.5,100,true
02,73734444079,20220406012318,20220406014850,11,0.0,1.5,0.5,100,true
02,73734444079,20220417052334,20220417055105,11,0.0,1.5,0.5,100,true
02,73734444079,20220425143425,20220425145806,11,0.0,1.5,0.5,100,true
02,73734444079,20220425163605,20220425165608,11,0.0,1.5,0.5,100,true
02,73734444079,20220425172457,20220425174249,11,0.0,1.5,0.5,100,true
02,73734444459,20220101011510,20220101012640,11,0.0,1.5,0.5,100,true
02,73734444459,20220127072941,20220127074458,11,0.0,1.5,0.5,100,true
02,73734444459,20220131092615,20220131095404,11,0.0,1.5,0.5,100,true
02,73734444459,20220208171554,20220208172225,11,0.0,1.5,0.5,100,true
02,73734444459,20220225050118,20220225050439,11,0.0,1.5,0.5,100,true
02,73734444459,20220314095832,20220314102822,11,0.0,1.5,0.5,100,true
02,73734444459,20220406195835,20220406202220,11,0.0,1.5,0.5,100,true
02,73734444459,20220429071931,20220429073107,11,0.0,1.5,0.5,100,true
02,73734444459,20220527110926,20220527112100,11,0.0,1.5,0.5,100,true
02,73734444459,20220613124759,20220613131142,11,0.0,1.5,0.5,100,true
02,73734444847,20220101011510,20220101011728,06,100.0,1.0,0.0,300,false
02,73734444847,20220112012943,20220112014230,06,100.0,1.0,0.0,300,false
02,73734444847,20220123093855,20220123095602,06,100.0,1.0,0.0,300,false
02,73734444847,20220207194630,20220207200619,06,100.0,1.0,0.0,300,false
02,73734444847,20220208050212,20220208050825,06,100.0,1.0,0.0,300,false
02,73734444847,20220216130059,20220216131105,06,100.0,1.0,0.0,300,false
02,73734444847,20220308222828,20220308223220,06,100.0,1.0,0.0,300,false
02,73734444847,20220326084625,20220326090311,06,100.0,1.0,0.0,300,false
02,73734444847,20220414164746,20220414170459,06,100.0,1.0,0.0,300,false
02,73734444847,20220424205714,20220424211102,06,100.0,1.0,0.0,300,false
02,73734445647,20220101011510,20220101013646,11,0.0,1.5,0.5,100,true
02,73734445647,20220118091151,20220118093929,11,0.0,1.5,0.5,100,true
02,73734445647,20220206151701,20220206151951,11,0.0,1.5,0.5,100,true
02,73734445647,20220228212451,20220228213920,11,0.0,1.5,0.5,100,true
02,73734445647,20220312044333,20220312050433,11,0.0,1.5,0.5,100,true
02,73734445647,20220408104521,20220408105815,11,0.0,1.5,0.5,100,true
02,73734445647,20220503115304,20220503121311,11,0.0,1.5,0.5,100,true
02,73734445647,20220519205832,20220519212528,11,0.0,1.5,0.5,100,true
02,73734445647,20220530005254,20220530005319,11,0.0,1.5,0.5,100,true
02,73734445647,20220622051849,20220622054742,11,0.0,1.5,0.5,100,true
01,73734447343,20220101011510,20220101013948,06,100.0,1.0,0.0,300,false
01,73734447343,20220102103724,20220102105340,06,100.0,1.0,0.0,300,false
01,73734447343,20220131170727,20220131171445,06,100.0,1.0,0.0,300,false
01,73734447343,20220220031133,20220220031514,06,100.0,1.0,0.0,300,false
01,73734447343,20220306032757,20220306034711,06,100.0,1.0,0.0,300,false
01,73734447343,20220319042415,20220319043021,06,100.0,1.0,0.0,300,false
01,73734447343,20220402140141,20220402141856,06,100.0,1.0,0.0,300,false
01,73734447343,20220416214707,20220416221430,06,100.0,1.0,0.0,300,false
01,73734447343,20220501051504,20220501053246,06,100.0,1.0,0.0,300,false
01,73734447343,20220501083842,20220501090448,06,100.0,1.0,0.0,300,false
02,73734447787,20220101011510,20220101013939,11,0.0,1.5,0.5,100,true
02,73734447787,20220116051014,20220116054000,11,0.0,1.5,0.5,100,true
02,73734447787,20220209141642,20220209141846,11,0.0,1.5,0.5,100,true
02,73734447787,20220310224027,20220310230341,11,0.0,1.5,0.5,100,true
02,73734447787,20220319100125,20220319102828,11,0.0,1.5,0.5,100,true
02,73734447787,20220320111739,20220320112755,11,0.0,1.5,0.5,100,true
02,73734447787,20220327185350,20220327190137,11,0.0,1.5,0.5,100,true
02,73734447787,20220331211102,20220331213159,11,0.0,1.5,0.5,100,true
02,73734447787,20220409025056,20220409030831,11,0.0,1.5,0.5,100,true
02,73734447787,20220412114411,20220412115253,11,0.0,1.5,0.5,100,true
02,73734448239,20220101011510,20220101014309,11,0.0,1.5,0.5,100,true
02,73734448239,20220120095234,20220120100427,11,0.0,1.5,0.5,100,true
02,73734448239,20220129112412,20220129112852,11,0.0,1.5,0.5,100,true
02,73734448239,20220210214906,20220210221355,11,0.0,1.5,0.5,100,true
02,73734448239,20220223083525,20220223085356,11,0.0,1.5,0.5,100,true
02,73734448239,20220225140440,20220225142913,11,0.0,1.5,0.5,100,true
02,73734448239,20220318002915,20220318004206,11,0.0,1.5,0.5,100,true
02,73734448239,20220405080635,20220405082156,11,0.0,1.5,0.5,100,true
02,73734448239,20220504114538,20220504115010,11,0.0,1.5,0.5,100,true
02,73734448239,20220508141805,20220508144800,11,0.0,1.5,0.5,100,true
01,73734448699,20220101011510,20220101014351,03,0.0,1.5,0.0,0,false
01,73734448699,20220121083438,20220121083827,03,0.0,1.5,0.0,0,false
01,73734448699,20220121093645,20220121095155,03,0.0,1.5,0.0,0,false
01,73734448699,20220218171120,20220218171958,03,0.0,1.5,0.0,0,false
01,73734448699,20220223195537,20220223200718,03,0.0,1.5,0.0,0,false
01,73734448699,20220306053016,20220306055430,03,0.0,1.5,0.0,0,false
01,73734448699,20220317064544,20220317071109,03,0.0,1.5,0.0,0,false
01,73734448699,20220404174325,20220404175206,03,0.0,1.5,0.0,0,false
01,73734448699,20220426222247,20220426222524,03,0.0,1.5,0.0,0,false
01,73734448699,20220505013959,20220505015819,03,0.0,1.5,0.0,0,false
01,73734449643,20220101011510,20220101012059,11,0.0,1.5,0.5,100,true
01,73734449643,20220121031220,20220121032818,11,0.0,1.5,0.5,100,true
01,73734449643,20220123110407,20220123111352,11,0.0,1.5,0.5,100,true
01,73734449643,20220125111755,20220125113358,11,0.0,1.5,0.5,100,true
01,73734449643,20220223200237,20220223200435,11,0.0,1.5,0.5,100,true
01,73734449643,20220316200411,20220316202437,11,0.0,1.5,0.5,100,true
01,73734449643,20220318220647,20220318223156,11,0.0,1.5,0.5,100,true
01,73734449643,20220328234039,20220329000902,11,0.0,1.5,0.5,100,true
01,73734449643,20220420105519,20220420112340,11,0.0,1.5,0.5,100,true
01,73734449643,20220429164958,20220429171752,11,0.0,1.5,0.5,100,true
01,73734450619,20220101011510,20220101014110,06,100.0,1.0,0.0,300,false
01,73734450619,20220110030112,20220110031632,06,100.0,1.0,0.0,300,false
01,73734450619,20220129061112,20220129061959,06,100.0,1.0,0.0,300,false
01,73734450619,20220209165610,20220209170406,06,100.0,1.0,0.0,300,false
01,73734450619,20220227183927,20220227184752,06,100.0,1.0,0.0,300,false
01,73734450619,20220329012614,20220329014733,06,100.0,1.0,0.0,300,false
01,73734450619,20220407071240,20220407072312,06,100.0,1.0,0.0,300,false
01,73734450619,20220410093330,20220410094903,06,100.0,1.0,0.0,300,false
01,73734450619,20220420143529,20220420144303,06,100.0,1.0,0.0,300,false
01,73734450619,20220506191915,20220506192534,06,100.0,1.0,0.0,300,false
02,73734452143,20220101011510,20220101014216,06,100.0,1.0,0.0,300,false
02,73734452143,20220129103705,20220129110536,06,100.0,1.0,0.0,300,false
02,73734452143,20220224144313,20220224150201,06,100.0,1.0,0.0,300,false
02,73734452143,20220227022436,20220227023711,06,100.0,1.0,0.0,300,false
02,73734452143,20220319052426,20220319053940,06,100.0,1.0,0.0,300,false
02,73734452143,20220414105123,20220414111952,06,100.0,1.0,0.0,300,false
02,73734452143,20220414210419,20220414212928,06,100.0,1.0,0.0,300,false
02,73734452143,20220513075253,20220513081406,06,100.0,1.0,0.0,300,false
02,73734452143,20220528120838,20220528121255,06,100.0,1.0,0.0,300,false
02,73734452143,20220529205016,20220529210316,06,100.0,1.0,0.0,300,false
01,73734452667,20220101011510,20220101012546,03,0.0,1.5,0.0,0,false
01,73734452667,20220116024129,20220116030408,03,0.0,1.5,0.0,0,false
01,73734452667,20220203115148,20220203120856,03,0.0,1.5,0.0,0,false
01,73734452667,20220203212300,20220203213508,03,0.0,1.5,0.0,0,false
01,73734452667,20220213221118,20220213224005,03,0.0,1.5,0.0,0,false
01,73734452667,20220302071012,20220302074011,03,0.0,1.5,0.0,0,false
01,73734452667,20220310073528,20220310074916,03,0.0,1.5,0.0,0,false
01,73734452667,20220331185027,20220331191808,03,0.0,1.5,0.0,0,false
01,73734452667,20220424043701,20220424044449,03,0.0,1.5,0.0,0,false
01,73734452667,20220515140634,20220515142036,03,0.0,1.5,0.0,0,false
01,73734453199,20220101011510,20220101014228,11,0.0,1.5,0.5,100,true
01,73734453199,20220121114452,20220121120719,11,0.0,1.5,0.5,100,true
01,73734453199,20220210213749,20220210214820,11,0.0,1.5,0.5,100,true
01,73734453199,20220216021737,20220216024037,11,0.0,1.5,0.5,100,true
01,73734453199,20220227061942,20220227062015,11,0.0,1.5,0.5,100,true
01,73734453199,20220315144449,20220315150700,11,0.0,1.5,0.5,100,true
01,73734453199,20220407151504,20220407151743,11,0.0,1.5,0.5,100,true
01,73734453199,20220429013754,20220429015341,11,0.0,1.5,0.5,100,true
01,73734453199,20220515021307,20220515021501,11,0.0,1.5,0.5,100,true
01,73734453199,20220519112805,20220519114749,11,0.0,1.5,0.5,100,true
02,73734455407,20220101011510,20220101012734,11,0.0,1.5,0.5,100,true
02,73734455407,20220101043212,20220101043534,11,0.0,1.5,0.5,100,true
02,73734455407,20220124134201,20220124134218,11,0.0,1.5,0.5,100,true
02,73734455407,20220131010157,20220131012033,11,0.0,1.5,0.5,100,true
02,73734455407,20220222095335,20220222101830,11,0.0,1.5,0.5,100,true
02,73734455407,20220322133057,20220322134927,11,0.0,1.5,0.5,100,true
02,73734455407,20220324225608,20220324230309,11,0.0,1.5,0.5,100,true
02,73734455407,20220329035134,20220329035442,11,0.0,1.5,0.5,100,true
02,73734455407,20220405150032,20220405150959,11,0.0,1.5,0.5,100,true
02,73734455407,20220419211027,20220419211944,11,0.0,1.5,0.5,100,true
01,73734455979,20220101011510,20220101011806,06,100.0,1.0,0.0,300,false
01,73734455979,20220105120326,20220105121936,06,100.0,1.0,0.0,300,false
01,73734455979,20220115232227,20220115233648,06,100.0,1.0,0.0,300,false
01,73734455979,20220128024349,20220128025613,06,100.0,1.0,0.0,300,false
01,73734455979,20220201082855,20220201085019,06,100.0,1.0,0.0,300,false
01,73734455979,20220209190738,20220209192231,06,100.0,1.0,0.0,300,false
01,73734455979,20220227070344,20220227070356,06,100.0,1.0,0.0,300,false
01,73734455979,20220306183540,20220306190450,06,100.0,1.0,0.0,300,false
01,73734455979,20220309052920,20220309055021,06,100.0,1.0,0.0,300,false
01,73734455979,20220331060555,20220331061604,06,100.0,1.0,0.0,300,false
02,73734457743,20220101011510,20220101012514,06,100.0,1.0,0.0,300,false
02,73734457743,20220116111115,20220116112954,06,100.0,1.0,0.0,300,false
02,73734457743,20220210194901,20220210200634,06,100.0,1.0,0.0,300,false
02,73734457743,20220225050245,20220225050728,06,100.0,1.0,0.0,300,false
02,73734457743,20220309104823,20220309111438,06,100.0,1.0,0.0,300,false
02,73734457743,20220321151553,20220321152343,06,100.0,1.0,0.0,300,false
02,73734457743,20220327165017,20220327170107,06,100.0,1.0,0.0,300,false
02,73734457743,20220402173317,20220402174522,06,100.0,1.0,0.0,300,false
02,73734457743,20220410215916,20220410220949,06,100.0,1.0,0.0,300,false
02,73734457743,20220412012309,20220412012731,06,100.0,1.0,0.0,300,false
02,73734458347,20220101011510,20220101011527,06,100.0,1.0,0.0,300,false
02,73734458347,20220105082228,20220105084916,06,100.0,1.0,0.0,300,false
02,73734458347,20220118123029,20220118124943,06,100.0,1.0,0.0,300,false
02,73734458347,20220204141436,20220204141523,06,100.0,1.0,0.0,300,false
02,73734458347,20220220185920,20220220191302,06,100.0,1.0,0.0,300,false
02,73734458347,20220228003020,20220228003610,06,100.0,1.0,0.0,300,false
02,73734458347,20220322053819,20220322060749,06,100.0,1.0,0.0,300,false
02,73734458347,20220418171630,20220418173701,06,100.0,1.0,0.0,300,false
02,73734458347,20220423040854,20220423042604,06,100.0,1.0,0.0,300,false
02,73734458347,20220428153728,20220428155017,06,100.0,1.0,0.0,300,false
01,73734458959,20220101011510,20220101012211,11,0.0,1.5,0.5,100,true
01,73734458959,20220118025441,20220118031832,11,0.0,1.5,0.5,100,true
01,73734458959,20220119062930,20220119064533,11,0.0,1.5,0.5,100,true
01,73734458959,20220205094503,20220205101200,11,0.0,1.5,0.5,100,true
01,73734458959,20220208200437,20220208202612,11,0.0,1.5,0.5,100,true
01,73734458959,20220228214901,20220228220040,11,0.0,1.5,0.5,100,true
01,73734458959,20220303061808,20220303062924,11,0.0,1.5,0.5,100,true
01,73734458959,20220317172858,20220317173656,11,0.0,1.5,0.5,100,true
01,73734458959,20220320035726,20220320042318,11,0.0,1.5,0.5,100,true
01,73734458959,20220412133922,20220412135957,11,0.0,1.5,0.5,100,true
01,73734459579,20220101011510,20220101012035,11,0.0,1.5,0.5,100,true
01,73734459579,20220112104047,20220112105003,11,0.0,1.5,0.5,100,true
01,73734459579,20220118133218,20220118134418,11,0.0,1.5,0.5,100,true
01,73734459579,20220203145449,20220203150529,11,0.0,1.5,0.5,100,true
01,73734459579,20220304024951,20220304031858,11,0.0,1.5,0.5,100,true
01,73734459579,20220307120442,20220307122205,11,0.0,1.5,0.5,100,true
01,73734459579,20220318200431,20220318201720,11,0.0,1.5,0.5,100,true
01,73734459579,20220327000031,20220327001038,11,0.0,1.5,0.5,100,true
01,73734459579,20220411004709,20220411011548,11,0.0,1.5,0.5,100,true
01,73734459579,20220501074507,20220501080513,11,0.0,1.5,0.5,100,true
01,73734460843,20220101011510,20220101013655,03,0.0,1.5,0.0,0,false
01,73734460843,20220127091737,20220127094642,03,0.0,1.5,0.0,0,false
01,73734460843,20220220124833,20220220124943,03,0.0,1.5,0.0,0,false
01,73734460843,20220312182302,20220312182718,03,0.0,1.5,0.0,0,false
01,73734460843,20220321004549,20220321010100,03,0.0,1.5,0.0,0,false
01,73734460843,20220321102252,20220321105245,03,0.0,1.5,0.0,0,false
01,73734460843,20220404134513,20220404140335,03,0.0,1.5,0.0,0,false
01,73734460843,20220430151558,20220430153831,03,0.0,1.5,0.0,0,false
01,73734460843,20220529000818,20220529000833,03,0.0,1.5,0.0,0,false
01,73734460843,20220612022831,20220612024322,03,0.0,1.5,0.0,0,false
02,73734462799,20220101011510,20220101014131,11,0.0,1.5,0.5,100,true
02,73734462799,20220112104408,20220112110944,11,0.0,1.5,0.5,100,true
02,73734462799,20220203110638,20220203112929,11,0.0,1.5,0.5,100,true
02,73734462799,20220209192330,20220209194520,11,0.0,1.5,0.5,100,true
02,73734462799,20220227004659,20220227011611,11,0.0,1.5,0.5,100,true
02,73734462799,20220311085652,20220311092331,11,0.0,1.5,0.5,100,true
02,73734462799,20220407111543,20220407112824,11,0.0,1.5,0.5,100,true
02,73734462799,20220411211835,20220411213343,11,0.0,1.5,0.5,100,true
02,73734462799,20220508045750,20220508052712,11,0.0,1.5,0.5,100,true
02,73734462799,20220603100839,20220603102658,11,0.0,1.5,0.5,100,true
01,73734464827,20220101011510,20220101013351,11,0.0,1.5,0.5,100,true
01,73734464827,20220116090506,20220116091030,11,0.0,1.5,0.5,100,true
01,73734464827,20220121202349,20220121204920,11,0.0,1.5,0.5,100,true
01,73734464827,20220206205601,20220206211229,11,0.0,1.5,0.5,100,true
01,73734464827,20220224220038,20220224221423,11,0.0,1.5,0.5,100,true
01,73734464827,20220311014505,20220311020634,11,0.0,1.5,0.5,100,true
01,73734464827,20220320121539,20220320123513,11,0.0,1.5,0.5,100,true
01,73734464827,20220402193953,20220402194851,11,0.0,1.5,0.5,100,true
01,73734464827,20220427012404,20220427013921,11,0.0,1.5,0.5,100,true
01,73734464827,20220525042426,20220525043228,11,0.0,1.5,0.5,100,true
01,73734465519,20220101011510,20220101014441,11,0.0,1.5,0.5,100,true
01,73734465519,20220108012059,20220108012259,11,0.0,1.5,0.5,100,true
01,73734465519,20220108081111,20220108083946,11,0.0,1.5,0.5,100,true
01,73734465519,20220127133736,20220127134211,11,0.0,1.5,0.5,100,true
01,73734465519,20220207152957,20220207153807,11,0.0,1.5,0.5,100,true
01,73734465519,20220216213245,20220216215537,11,0.0,1.5,0.5,100,true
01,73734465519,20220306054206,20220306060406,11,0.0,1.5,0.5,100,true
01,73734465519,20220313063933,20220313065748,11,0.0,1.5,0.5,100,true
01,73734465519,20220409170844,20220409172935,11,0.0,1.5,0.5,100,true
01,73734465519,20220505171012,20220505173300,11,0.0,1.5,0.5,100,true
01,73734466219,20220101011510,20220101013352,11,0.0,1.5,0.5,100,true
01,73734466219,20220116070923,20220116073112,11,0.0,1.5,0.5,100,true
01,73734466219,20220126101817,20220126103256,11,0.0,1.5,0.5,100,true
01,73734466219,20220213115649,20220213121017,11,0.0,1.5,0.5,100,true
01,73734466219,20220304163046,20220304163711,11,0.0,1.5,0.5,100,true
01,73734466219,20220306020134,20220306020301,11,0.0,1.5,0.5,100,true
01,73734466219,20220404112757,20220404113253,11,0.0,1.5,0.5,100,true
01,73734466219,20220411181736,20220411183922,11,0.0,1.5,0.5,100,true
01,73734466219,20220426220532,20220426222146,11,0.0,1.5,0.5,100,true
01,73734466219,20220508232921,20220508235210,11,0.0,1.5,0.5,100,true
01,73734466927,20220101011510,20220101014503,03,0.0,1.5,0.0,0,false
01,73734466927,20220126074219,20220126080013,03,0.0,1.5,0.0,0,false
01,73734466927,20220223153314,20220223155214,03,0.0,1.5,0.0,0,false
01,73734466927,20220313231822,20220313234402,03,0.0,1.5,0.0,0,false
01,73734466927,20220331084723,20220331090104,03,0.0,1.5,0.0,0,false
01,73734466927,20220424204448,20220424205721,03,0.0,1.5,0.0,0,false
01,73734466927,20220520081006,20220520082845,03,0.0,1.5,0.0,0,false
01,73734466927,20220524185828,20220524190232,03,0.0,1.5,0.0,0,false
01,73734466927,20220526222429,20220526222908,03,0.0,1.5,0.0,0,false
01,73734466927,20220602065659,20220602071724,03,0.0,1.5,0.0,0,false
02,73734467643,20220101011510,20220101013115,06,100.0,1.0,0.0,300,false
02,73734467643,20220103072956,20220103075519,06,100.0,1.0,0.0,300,false
02,73734467643,20220201141606,20220201144118,06,100.0,1.0,0.0,300,false
02,73734467643,20220226161007,20220226163910,06,100.0,1.0,0.0,300,false
02,73734467643,20220309164057,20220309164847,06,100.0,1.0,0.0,300,false
02,73734467643,20220325011248,20220325012830,06,100.0,1.0,0.0,300,false
02,73734467643,20220420023608,20220420023909,06,100.0,1.0,0.0,300,false
02,73734467643,20220504060825,20220504061100,06,100.0,1.0,0.0,300,false
02,73734467643,20220511093434,20220511094436,06,100.0,1.0,0.0,300,false
02,73734467643,20220517133732,20220517135349,06,100.0,1.0,0.0,300,false
02,73734469099,20220101011510,20220101014238,11,0.0,1.5,0.5,100,true
02,73734469099,20220120072025,20220120073117,11,0.0,1.5,0.5,100,true
02,73734469099,20220218114308,20220218120220,11,0.0,1.5,0.5,100,true
02,73734469099,20220220193714,20220220195218,11,0.0,1.5,0.5,100,true
02,73734469099,20220223021330,20220223022748,11,0.0,1.5,0.5,100,true
02,73734469099,20220314033227,20220314034410,11,0.0,1.5,0.5,100,true
02,73734469099,20220314135540,20220314140549,11,0.0,1.5,0.5,100,true
02,73734469099,20220315192133,20220315194159,11,0.0,1.5,0.5,100,true
02,73734469099,20220411044238,20220411045107,11,0.0,1.5,0.5,100,true
02,73734469099,20220420122900,20220420122935,11,0.0,1.5,0.5,100,true
01,73734469839,20220101011510,20220101013235,11,0.0,1.5,0.5,100,true
01,73734469839,20220116123953,20220116124559,11,0.0,1.5,0.5,100,true
01,73734469839,20220117200343,20220117202302,11,0.0,1.5,0.5,100,true
01,73734469839,20220207044016,20220207044021,11,0.0,1.5,0.5,100,true
01,73734469839,20220303073800,20220303080254,11,0.0,1.5,0.5,100,true
01,73734469839,20220306115655,20220306121623,11,0.0,1.5,0.5,100,true
01,73734469839,20220330140503,20220330142412,11,0.0,1.5,0.5,100,true
01,73734469839,20220420202931,20220420203141,11,0.0,1.5,0.5,100,true
01,73734469839,20220517222458,20220517224120,11,0.0,1.5,0.5,100,true
01,73734469839,20220614222956,20220614224836,11,0.0,1.5,0.5,100,true
01,73734472107,20220101011510,20220101012733,11,0.0,1.5,0.5,100,true
01,73734472107,20220129021344,20220129023001,11,0.0,1.5,0.5,100,true
01,73734472107,20220211034021,20220211034903,11,0.0,1.5,0.5,100,true
01,73734472107,20220301113936,20220301115717,11,0.0,1.5,0.5,100,true
01,73734472107,20220313120752,20220313123649,11,0.0,1.5,0.5,100,true
01,73734472107,20220325122212,20220325122703,11,0.0,1.5,0.5,100,true
01,73734472107,20220331132413,20220331133505,11,0.0,1.5,0.5,100,true
01,73734472107,20220406153612,20220406155721,11,0.0,1.5,0.5,100,true
01,73734472107,20220501030420,20220501033034,11,0.0,1.5,0.5,100,true
01,73734472107,20220501124334,20220501131009,11,0.0,1.5,0.5,100,true
01,73734473659,20220101011510,20220101012501,03,0.0,1.5,0.0,0,false
01,73734473659,20220126104909,20220126110213,03,0.0,1.5,0.0,0,false
01,73734473659,20220205201943,20220205202223,03,0.0,1.5,0.0,0,false
01,73734473659,20220303234205,20220304000728,03,0.0,1.5,0.0,0,false
01,73734473659,20220311035958,20220311042326,03,0.0,1.5,0.0,0,false
01,73734473659,20220321133307,20220321134030,03,0.0,1.5,0.0,0,false
01,73734473659,20220419002625,20220419005423,03,0.0,1.5,0.0,0,false
01,73734473659,20220513070838,20220513073832,03,0.0,1.5,0.0,0,false
01,73734473659,20220518073612,20220518074935,03,0.0,1.5,0.0,0,false
01,73734473659,20220518151032,20220518152618,03,0.0,1.5,0.0,0,false
01,73734474447,20220101011510,20220101014239,11,0.0,1.5,0.5,100,true
01,73734474447,20220102080052,20220102080934,11,0.0,1.5,0.5,100,true
01,73734474447,20220109121125,20220109122011,11,0.0,1.5,0.5,100,true
01,73734474447,20220113215839,20220113220543,11,0.0,1.5,0.5,100,true
01,73734474447,20220124031300,20220124034156,11,0.0,1.5,0.5,100,true
01,73734474447,20220219115044,20220219120257,11,0.0,1.5,0.5,100,true
01,73734474447,20220320190854,20220320191218,11,0.0,1.5,0.5,100,true
01,73734474447,20220403203349,20220403204716,11,0.0,1.5,0.5,100,true
01,73734474447,20220419075305,20220419081416,11,0.0,1.5,0.5,100,true
01,73734474447,20220509083336,20220509084016,11,0.0,1.5,0.5,100,true
02,73734480187,20220101011510,20220101012947,11,0.0,1.5,0.5,100,true
02,73734480187,20220115125946,20220115132616,11,0.0,1.5,0.5,100,true
02,73734480187,20220122160733,20220122163732,11,0.0,1.5,0.5,100,true
02,73734480187,20220201231614,20220201232318,11,0.0,1.5,0.5,100,true
02,73734480187,20220225065316,20220225065952,11,0.0,1.5,0.5,100,true
02,73734480187,20220302102452,20220302104331,11,0.0,1.5,0.5,100,true
02,73734480187,20220316113253,20220316113757,11,0.0,1.5,0.5,100,true
02,73734480187,20220407180601,20220407180918,11,0.0,1.5,0.5,100,true
02,73734480187,20220422215017,20220422220052,11,0.0,1.5,0.5,100,true
02,73734480187,20220513015854,20220513022037,11,0.0,1.5,0.5,100,true
02,73734481039,20220101011510,20220101011905,06,100.0,1.0,0.0,300,false
02,73734481039,20220128112147,20220128114558,06,100.0,1.0,0.0,300,false
02,73734481039,20220202164016,20220202164627,06,100.0,1.0,0.0,300,false
02,73734481039,20220205170233,20220205170600,06,100.0,1.0,0.0,300,false
02,73734481039,20220209032944,20220209033448,06,100.0,1.0,0.0,300,false
02,73734481039,20220306074520,20220306080619,06,100.0,1.0,0.0,300,false
02,73734481039,20220328164352,20220328165056,06,100.0,1.0,0.0,300,false
02,73734481039,20220417200150,20220417202416,06,100.0,1.0,0.0,300,false
02,73734481039,20220504063427,20220504065833,06,100.0,1.0,0.0,300,false
02,73734481039,20220525153249,20220525154539,06,100.0,1.0,0.0,300,false
02,73734481899,20220101011510,20220101011839,06,100.0,1.0,0.0,300,false
02,73734481899,20220113101827,20220113103622,06,100.0,1.0,0.0,300,false
02,73734481899,20220129215037,20220129221616,06,100.0,1.0,0.0,300,false
02,73734481899,20220220055102,20220220061545,06,100.0,1.0,0.0,300,false
02,73734481899,20220318123958,20220318125044,06,100.0,1.0,0.0,300,false
02,73734481899,20220330131212,20220330133829,06,100.0,1.0,0.0,300,false
02,73734481899,20220425175753,20220425181009,06,100.0,1.0,0.0,300,false
02,73734481899,20220513205354,20220513211651,06,100.0,1.0,0.0,300,false
02,73734481899,20220529054909,20220529060439,06,100.0,1.0,0.0,300,false
02,73734481899,20220611122201,20220611123532,06,100.0,1.0,0.0,300,false
02,73734485419,20220101011510,20220101012853,06,100.0,1.0,0.0,300,false
02,73734485419,20220119103744,20220119103924,06,100.0,1.0,0.0,300,false
02,73734485419,20220216124750,20220216131442,06,100.0,1.0,0.0,300,false
02,73734485419,20220301144256,20220301144700,06,100.0,1.0,0.0,300,false
02,73734485419,20220301201232,20220301203502,06,100.0,1.0,0.0,300,false
02,73734485419,20220326222943,20220326225617,06,100.0,1.0,0.0,300,false
02,73734485419,20220418025006,20220418025930,06,100.0,1.0,0.0,300,false
02,73734485419,20220517121506,20220517122615,06,100.0,1.0,0.0,300,false
02,73734485419,20220606181612,20220606182652,06,100.0,1.0,0.0,300,false
02,73734485419,20220613235552,20220614000650,06,100.0,1.0,0.0,300,false
01,73734488143,20220101011510,20220101012511,06,100.0,1.0,0.0,300,false
01,73734488143,20220104025136,20220104025836,06,100.0,1.0,0.0,300,false
01,73734488143,20220117133722,20220117140303,06,100.0,1.0,0.0,300,false
01,73734488143,20220119225537,20220119230759,06,100.0,1.0,0.0,300,false
01,73734488143,20220129014320,20220129014739,06,100.0,1.0,0.0,300,false
01,73734488143,20220211020824,20220211021034,06,100.0,1.0,0.0,300,false
01,73734488143,20220211024334,20220211030546,06,100.0,1.0,0.0,300,false
01,73734488143,20220311110213,20220311111348,06,100.0,1.0,0.0,300,false
01,73734488143,20220316214857,20220316220457,06,100.0,1.0,0.0,300,false
01,73734488143,20220412030914,20220412033350,06,100.0,1.0,0.0,300,false
01,73734489067,20220101011510,20220101012113,11,0.0,1.5,0.5,100,true
01,73734489067,20220128084859,20220128090412,11,0.0,1.5,0.5,100,true
01,73734489067,20220212165805,20220212170717,11,0.0,1.5,0.5,100,true
01,73734489067,20220303032321,20220303034150,11,0.0,1.5,0.5,100,true
01,73734489067,20220318105439,20220318111908,11,0.0,1.5,0.5,100,true
01,73734489067,20220404130158,20220404130944,11,0.0,1.5,0.5,100,true
01,73734489067,20220422143955,20220422144507,11,0.0,1.5,0.5,100,true
01,73734489067,20220521151000,20220521153334,11,0.0,1.5,0.5,100,true
01,73734489067,20220607212305,20220607214203,11,0.0,1.5,0.5,100,true
01,73734489067,20220630063753,20220630065234,11,0.0,1.5,0.5,100,true
02,73734489999,20220101011510,20220101013259,06,100.0,1.0,0.0,300,false
02,73734489999,20220122043544,20220122043707,06,100.0,1.0,0.0,300,false
02,73734489999,20220128080429,20220128081144,06,100.0,1.0,0.0,300,false
02,73734489999,20220128092907,20220128094914,06,100.0,1.0,0.0,300,false
02,73734489999,20220208111420,20220208112130,06,100.0,1.0,0.0,300,false
02,73734489999,20220208201324,20220208203733,06,100.0,1.0,0.0,300,false
02,73734489999,20220216231614,20220216234440,06,100.0,1.0,0.0,300,false
02,73734489999,20220306005550,20220306011301,06,100.0,1.0,0.0,300,false
02,73734489999,20220331062902,20220331064520,06,100.0,1.0,0.0,300,false
02,73734489999,20220413135116,20220413140202,06,100.0,1.0,0.0,300,false
01,73734490939,20220101011510,20220101013402,03,0.0,1.5,0.0,0,false
01,73734490939,20220105095814,20220105102701,03,0.0,1.5,0.0,0,false
01,73734490939,20220107203636,20220107205055,03,0.0,1.5,0.0,0,false
01,73734490939,20220112061651,20220112062058,03,0.0,1.5,0.0,0,false
01,73734490939,20220130120007,20220130121714,03,0.0,1.5,0.0,0,false
01,73734490939,20220217134445,20220217135704,03,0.0,1.5,0.0,0,false
01,73734490939,20220307214004,20220307215437,03,0.0,1.5,0.0,0,false
01,73734490939,20220318221321,20220318222939,03,0.0,1.5,0.0,0,false
01,73734490939,20220329011846,20220329014101,03,0.0,1.5,0.0,0,false
01,73734490939,20220427092002,20220427094604,03,0.0,1.5,0.0,0,false
01,73734491887,20220101011510,20220101012505,06,100.0,1.0,0.0,300,false
01,73734491887,20220125072844,20220125073259,06,100.0,1.0,0.0,300,false
01,73734491887,20220208093042,20220208095426,06,100.0,1.0,0.0,300,false
01,73734491887,20220217125208,20220217131449,06,100.0,1.0,0.0,300,false
01,73734491887,20220304234406,20220305000200,06,100.0,1.0,0.0,300,false
01,73734491887,20220311110810,20220311112710,06,100.0,1.0,0.0,300,false
01,73734491887,20220403221355,20220403222941,06,100.0,1.0,0.0,300,false
01,73734491887,20220430083113,20220430083612,06,100.0,1.0,0.0,300,false
01,73734491887,20220501124119,20220501124700,06,100.0,1.0,0.0,300,false
01,73734491887,20220519235011,20220520001033,06,100.0,1.0,0.0,300,false
01,73734493807,20220101011510,20220101014346,03,0.0,1.5,0.0,0,false
01,73734493807,20220119022547,20220119022712,03,0.0,1.5,0.0,0,false
01,73734493807,20220213094220,20220213094421,03,0.0,1.5,0.0,0,false
01,73734493807,20220303211746,20220303214136,03,0.0,1.5,0.0,0,false
01,73734493807,20220315054433,20220315054837,03,0.0,1.5,0.0,0,false
01,73734493807,20220329173102,20220329173430,03,0.0,1.5,0.0,0,false
01,73734493807,20220401030427,20220401031514,03,0.0,1.5,0.0,0,false
01,73734493807,20220418040109,20220418042514,03,0.0,1.5,0.0,0,false
01,73734493807,20220507111249,20220507113543,03,0.0,1.5,0.0,0,false
01,73734493807,20220514151401,20220514153947,03,0.0,1.5,0.0,0,false
01,73734494779,20220101011510,20220101011938,06,100.0,1.0,0.0,300,false
01,73734494779,20220118054521,20220118055253,06,100.0,1.0,0.0,300,false
01,73734494779,20220204125506,20220204130345,06,100.0,1.0,0.0,300,false
01,73734494779,20220227221351,20220227222926,06,100.0,1.0,0.0,300,false
01,73734494779,20220302230109,20220302232524,06,100.0,1.0,0.0,300,false
01,73734494779,20220326082242,20220326084211,06,100.0,1.0,0.0,300,false
01,73734494779,20220401145402,20220401151707,06,100.0,1.0,0.0,300,false
01,73734494779,20220405174229,20220405180600,06,100.0,1.0,0.0,300,false
01,73734494779,20220428012310,20220428015305,06,100.0,1.0,0.0,300,false
01,73734494779,20220504101104,20220504102104,06,100.0,1.0,0.0,300,false
01,73734495759,20220101011510,20220101013524,06,100.0,1.0,0.0,300,false
01,73734495759,20220125022259,20220125022757,06,100.0,1.0,0.0,300,false
01,73734495759,20220130134644,20220130141155,06,100.0,1.0,0.0,300,false
01,73734495759,20220218160645,20220218161509,06,100.0,1.0,0.0,300,false
01,73734495759,20220301213554,20220301214824,06,100.0,1.0,0.0,300,false
01,73734495759,20220309090706,20220309093109,06,100.0,1.0,0.0,300,false
01,73734495759,20220323203012,20220323204653,06,100.0,1.0,0.0,300,false
01,73734495759,20220410004804,20220410011641,06,100.0,1.0,0.0,300,false
01,73734495759,20220509072024,20220509072437,06,100.0,1.0,0.0,300,false
01,73734495759,20220524101746,20220524103007,06,100.0,1.0,0.0,300,false
02,73734498747,20220101011510,20220101014111,11,0.0,1.5,0.5,100,true
02,73734498747,20220130045245,20220130050730,11,0.0,1.5,0.5,100,true
02,73734498747,20220208125823,20220208130611,11,0.0,1.5,0.5,100,true
02,73734498747,20220218173459,20220218173550,11,0.0,1.5,0.5,100,true
02,73734498747,20220301232928,20220301234358,11,0.0,1.5,0.5,100,true
02,73734498747,20220308234753,20220308235708,11,0.0,1.5,0.5,100,true
02,73734498747,20220325083201,20220325085816,11,0.0,1.5,0.5,100,true
02,73734498747,20220411132016,20220411132358,11,0.0,1.5,0.5,100,true
02,73734498747,20220502190318,20220502191413,11,0.0,1.5,0.5,100,true
02,73734498747,20220511045708,20220511050659,11,0.0,1.5,0.5,100,true
02,73734499759,20220101011510,20220101013353,03,0.0,1.5,0.0,0,false
02,73734499759,20220113040254,20220113041332,03,0.0,1.5,0.0,0,false
02,73734499759,20220114051611,20220114051902,03,0.0,1.5,0.0,0,false
02,73734499759,20220203062020,20220203062351,03,0.0,1.5,0.0,0,false
02,73734499759,20220304170811,20220304172246,03,0.0,1.5,0.0,0,false
02,73734499759,20220314203944,20220314210804,03,0.0,1.5,0.0,0,false
02,73734499759,20220407022506,20220407022612,03,0.0,1.5,0.0,0,false
02,73734499759,20220505120655,20220505122310,03,0.0,1.5,0.0,0,false
02,73734499759,20220518141224,20220518142509,03,0.0,1.5,0.0,0,false
02,73734499759,20220518162521,20220518165323,03,0.0,1.5,0.0,0,false
02,73734500779,20220101011510,20220101012204,06,100.0,1.0,0.0,300,false
02,73734500779,20220123041354,20220123043027,06,100.0,1.0,0.0,300,false
02,73734500779,20220209141749,20220209143315,06,100.0,1.0,0.0,300,false
02,73734500779,20220227175247,20220227175819,06,100.0,1.0,0.0,300,false
02,73734500779,20220305224002,20220305230701,06,100.0,1.0,0.0,300,false
02,73734500779,20220310011857,20220310014255,06,100.0,1.0,0.0,300,false
02,73734500779,20220325021600,20220325023932,06,100.0,1.0,0.0,300,false
02,73734500779,20220415072008,20220415072133,06,100.0,1.0,0.0,300,false
02,73734500779,20220416131208,20220416132304,06,100.0,1.0,0.0,300,false
02,73734500779,20220430224612,20220430225827,06,100.0,1.0,0.0,300,false
02,73734501807,20220101011510,20220101013835,11,0.0,1.5,0.5,100,true
02,73734501807,20220129085409,20220129085417,11,0.0,1.5,0.5,100,true
02,73734501807,20220226185128,20220226191443,11,0.0,1.5,0.5,100,true
02,73734501807,20220327023845,20220327025348,11,0.0,1.5,0.5,100,true
02,73734501807,20220327025316,20220327025916,11,0.0,1.5,0.5,100,true
02,73734501807,20220409121222,20220409123751,11,0.0,1.5,0.5,100,true
02,73734501807,20220507194309,20220507200957,11,0.0,1.5,0.5,100,true
02,73734501807,20220531232443,20220531233403,11,0.0,1.5,0.5,100,true
02,73734501807,20220626103628,20220626105439,11,0.0,1.5,0.5,100,true
02,73734501807,20220724135038,20220724135715,11,0.0,1.5,0.5,100,true
02,73734502843,20220101011510,20220101014358,06,100.0,1.0,0.0,300,false
02,73734502843,20220128094848,20220128095451,06,100.0,1.0,0.0,300,false
02,73734502843,20220209191133,20220209192956,06,100.0,1.0,0.0,300,false
02,73734502843,20220224230540,20220224231737,06,100.0,1.0,0.0,300,false
02,73734502843,20220314011941,20220314013546,06,100.0,1.0,0.0,300,false
02,73734502843,20220401024852,20220401025538,06,100.0,1.0,0.0,300,false
02,73734502843,20220409033204,20220409033758,06,100.0,1.0,0.0,300,false
02,73734502843,20220427071602,20220427071808,06,100.0,1.0,0.0,300,false
02,73734502843,20220515071857,20220515074532,06,100.0,1.0,0.0,300,false
02,73734502843,20220521103047,20220521104007,06,100.0,1.0,0.0,300,false
01,73734503887,20220101011510,20220101013708,03,0.0,1.5,0.0,0,false
01,73734503887,20220129123319,20220129124458,03,0.0,1.5,0.0,0,false
01,73734503887,20220213222833,20220213224839,03,0.0,1.5,0.0,0,false
01,73734503887,20220308033616,20220308034659,03,0.0,1.5,0.0,0,false
01,73734503887,20220331072550,20220331072806,03,0.0,1.5,0.0,0,false
01,73734503887,20220422083521,20220422085414,03,0.0,1.5,0.0,0,false
01,73734503887,20220514161615,20220514162957,03,0.0,1.5,0.0,0,false
01,73734503887,20220517201226,20220517204030,03,0.0,1.5,0.0,0,false
01,73734503887,20220611032953,20220611035434,03,0.0,1.5,0.0,0,false
01,73734503887,20220628035628,20220628040914,03,0.0,1.5,0.0,0,false
01,73734504939,20220101011510,20220101012044,03,0.0,1.5,0.0,0,false
01,73734504939,20220110094144,20220110100216,03,0.0,1.5,0.0,0,false
01,73734504939,20220123171628,20220123172603,03,0.0,1.5,0.0,0,false
01,73734504939,20220212044601,20220212045347,03,0.0,1.5,0.0,0,false
01,73734504939,20220214125936,20220214130001,03,0.0,1.5,0.0,0,false
01,73734504939,20220223165556,20220223171553,03,0.0,1.5,0.0,0,false
01,73734504939,20220306214317,20220306220229,03,0.0,1.5,0.0,0,false
01,73734504939,20220328032948,20220328035336,03,0.0,1.5,0.0,0,false
01,73734504939,20220328033137,20220328034109,03,0.0,1.5,0.0,0,false
01,73734504939,20220422114035,20220422114150,03,0.0,1.5,0.0,0,false
01,73734505999,20220101011510,20220101012820,06,100.0,1.0,0.0,300,false
01,73734505999,20220130041545,20220130043143,06,100.0,1.0,0.0,300,false
01,73734505999,20220212125440,20220212130426,06,100.0,1.0,0.0,300,false
01,73734505999,20220212185801,20220212192800,06,100.0,1.0,0.0,300,false
01,73734505999,20220307052336,20220307054711,06,100.0,1.0,0.0,300,false
01,73734505999,20220323052352,20220323053205,06,100.0,1.0,0.0,300,false
01,73734505999,20220403095310,20220403101502,06,100.0,1.0,0.0,300,false
01,73734505999,20220430161203,20220430161334,06,100.0,1.0,0.0,300,false
01,73734505999,20220511191801,20220511193838,06,100.0,1.0,0.0,300,false
01,73734505999,20220609220028,20220609221601,06,100.0,1.0,0.0,300,false
02,73734509227,20220101011510,20220101014159,11,0.0,1.5,0.5,100,true
02,73734509227,20220119094746,20220119101231,11,0.0,1.5,0.5,100,true
02,73734509227,20220121122440,20220121124727,11,0.0,1.5,0.5,100,true
02,73734509227,20220125192238,20220125194252,11,0.0,1.5,0.5,100,true
02,73734509227,20220202022327,20220202024552,11,0.0,1.5,0.5,100,true
02,73734509227,20220212052722,20220212054859,11,0.0,1.5,0.5,100,true
02,73734509227,20220225060420,20220225061526,11,0.0,1.5,0.5,100,true
02,73734509227,20220321084009,20220321085802,11,0.0,1.5,0.5,100,true
02,73734509227,20220326115851,20220326120531,11,0.0,1.5,0.5,100,true
02,73734509227,20220402193951,20220402194539,11,0.0,1.5,0.5,100,true
01,73734511419,20220101011510,20220101012703,06,100.0,1.0,0.0,300,false
01,73734511419,20220129075950,20220129082438,06,100.0,1.0,0.0,300,false
01,73734511419,20220208105105,20220208110201,06,100.0,1.0,0.0,300,false
01,73734511419,20220303183011,20220303185210,06,100.0,1.0,0.0,300,false
01,73734511419,20220310043512,20220310044938,06,100.0,1.0,0.0,300,false
01,73734511419,20220311093522,20220311100233,06,100.0,1.0,0.0,300,false
01,73734511419,20220327102739,20220327105505,06,100.0,1.0,0.0,300,false
01,73734511419,20220418114239,20220418114859,06,100.0,1.0,0.0,300,false
01,73734511419,20220419191229,20220419191234,06,100.0,1.0,0.0,300,false
01,73734511419,20220518032318,20220518034142,06,100.0,1.0,0.0,300,false
02,73734514767,20220101011510,20220101013807,11,0.0,1.5,0.5,100,true
02,73734514767,20220119092633,20220119094620,11,0.0,1.5,0.5,100,true
02,73734514767,20220126205851,20220126211218,11,0.0,1.5,0.5,100,true
02,73734514767,20220131051057,20220131053238,11,0.0,1.5,0.5,100,true
02,73734514767,20220206091824,20220206093050,11,0.0,1.5,0.5,100,true
02,73734514767,20220224171646,20220224174617,11,0.0,1.5,0.5,100,true
02,73734514767,20220301034316,20220301040839,11,0.0,1.5,0.5,100,true
02,73734514767,20220327072056,20220327072546,11,0.0,1.5,0.5,100,true
02,73734514767,20220415072318,20220415075040,11,0.0,1.5,0.5,100,true
02,73734514767,20220508074457,20220508080523,11,0.0,1.5,0.5,100,true
02,73734515899,20220101011510,20220101013518,03,0.0,1.5,0.0,0,false
02,73734515899,20220115064346,20220115070142,03,0.0,1.5,0.0,0,false
02,73734515899,20220125145643,20220125151850,03,0.0,1.5,0.0,0,false
02,73734515899,20220204164651,20220204165233,03,0.0,1.5,0.0,0,false
02,73734515899,20220224211854,20220224212451,03,0.0,1.5,0.0,0,false
02,73734515899,20220319080125,20220319082242,03,0.0,1.5,0.0,0,false
02,73734515899,20220326185332,20220326190036,03,0.0,1.5,0.0,0,false
02,73734515899,20220404192711,20220404193438,03,0.0,1.5,0.0,0,false
02,73734515899,20220422033109,20220422035745,03,0.0,1.5,0.0,0,false
02,73734515899,20220519123113,20220519125525,03,0.0,1.5,0.0,0,false
01,73734517039,20220101011510,20220101012716,11,0.0,1.5,0.5,100,true
01,73734517039,20220130115820,20220130120607,11,0.0,1.5,0.5,100,true
01,73734517039,20220226215846,20220226220405,11,0.0,1.5,0.5,100,true
01,73734517039,20220326010047,20220326011000,11,0.0,1.5,0.5,100,true
01,73734517039,20220418063104,20220418063951,11,0.0,1.5,0.5,100,true
01,73734517039,20220418094442,20220418100635,11,0.0,1.5,0.5,100,true
01,73734517039,20220424182848,20220424183537,11,0.0,1.5,0.5,100,true
01,73734517039,20220523045542,20220523052056,11,0.0,1.5,0.5,100,true
01,73734517039,20220621090940,20220621093320,11,0.0,1.5,0.5,100,true
01,73734517039,20220706183542,20220706185444,11,0.0,1.5,0.5,100,true
01,73734518187,20220101011510,20220101014009,06,100.0,1.0,0.0,300,false
01,73734518187,20220120013313,20220120015830,06,100.0,1.0,0.0,300,false
01,73734518187,20220120032258,20220120033236,06,100.0,1.0,0.0,300,false
01,73734518187,20220202120744,20220202121201,06,100.0,1.0,0.0,300,false
01,73734518187,20220223162808,20220223163537,06,100.0,1.0,0.0,300,false
01,73734518187,20220314164546,20220314171312,06,100.0,1.0,0.0,300,false
01,73734518187,20220325233435,20220325235614,06,100.0,1.0,0.0,300,false
01,73734518187,20220424031510,20220424032222,06,100.0,1.0,0.0,300,false
01,73734518187,20220430081954,20220430083328,06,100.0,1.0,0.0,300,false
01,73734518187,20220505193832,20220505200247,06,100.0,1.0,0.0,300,false
02,73734519343,20220101011510,20220101011934,06,100.0,1.0,0.0,300,false
02,73734519343,20220111015825,20220111020404,06,100.0,1.0,0.0,300,false
02,73734519343,20220113134159,20220113134451,06,100.0,1.0,0.0,300,false
02,73734519343,20220202134421,20220202135445,06,100.0,1.0,0.0,300,false
02,73734519343,20220221002718,20220221005321,06,100.0,1.0,0.0,300,false
02,73734519343,20220311064805,20220311065527,06,100.0,1.0,0.0,300,false
02,73734519343,20220408153455,20220408160405,06,100.0,1.0,0.0,300,false
02,73734519343,20220423012217,20220423014657,06,100.0,1.0,0.0,300,false
02,73734519343,20220426081810,20220426082245,06,100.0,1.0,0.0,300,false
02,73734519343,20220428131552,20220428132801,06,100.0,1.0,0.0,300,false
02,73734520507,20220101011510,20220101012904,11,0.0,1.5,0.5,100,true
02,73734520507,20220126055424,20220126060642,11,0.0,1.5,0.5,100,true
02,73734520507,20220215095849,20220215102714,11,0.0,1.5,0.5,100,true
02,73734520507,20220313120744,20220313121908,11,0.0,1.5,0.5,100,true
02,73734520507,20220319230255,20220319230357,11,0.0,1.5,0.5,100,true
02,73734520507,20220414053128,20220414055951,11,0.0,1.5,0.5,100,true
02,73734520507,20220426135855,20220426141557,11,0.0,1.5,0.5,100,true
02,73734520507,20220507205800,20220507212401,11,0.0,1.5,0.5,100,true
02,73734520507,20220601014027,20220601014345,11,0.0,1.5,0.5,100,true
02,73734520507,20220607014829,20220607021734,11,0.0,1.5,0.5,100,true
02,73734524047,20220101011510,20220101012055,06,100.0,1.0,0.0,300,false
02,73734524047,20220128113411,20220128114024,06,100.0,1.0,0.0,300,false
02,73734524047,20220206225807,20220206230630,06,100.0,1.0,0.0,300,false
02,73734524047,20220225034626,20220225035005,06,100.0,1.0,0.0,300,false
02,73734524047,20220323065432,20220323070026,06,100.0,1.0,0.0,300,false
02,73734524047,20220407163856,20220407164443,06,100.0,1.0,0.0,300,false
02,73734524047,20220407174723,20220407180006,06,100.0,1.0,0.0,300,false
02,73734524047,20220423012916,20220423015724,06,100.0,1.0,0.0,300,false
02,73734524047,20220513014620,20220513015952,06,100.0,1.0,0.0,300,false
02,73734524047,20220608061024,20220608062636,06,100.0,1.0,0.0,300,false
01,73734525243,20220101011510,20220101012539,06,100.0,1.0,0.0,300,false
01,73734525243,20220116061249,20220116063110,06,100.0,1.0,0.0,300,false
01,73734525243,20220201090151,20220201091450,06,100.0,1.0,0.0,300,false
01,73734525243,20220220160845,20220220162925,06,100.0,1.0,0.0,300,false
01,73734525243,20220222022240,20220222024312,06,100.0,1.0,0.0,300,false
01,73734525243,20220319034039,20220319034711,06,100.0,1.0,0.0,300,false
01,73734525243,20220408105320,20220408111624,06,100.0,1.0,0.0,300,false
01,73734525243,20220423181711,20220423183644,06,100.0,1.0,0.0,300,false
01,73734525243,20220521033800,20220521035014,06,100.0,1.0,0.0,300,false
01,73734525243,20220521144956,20220521150245,06,100.0,1.0,0.0,300,false
02,73734533839,20220101011510,20220101013234,03,0.0,1.5,0.0,0,false
02,73734533839,20220114091920,20220114094208,03,0.0,1.5,0.0,0,false
02,73734533839,20220205174824,20220205180844,03,0.0,1.5,0.0,0,false
02,73734533839,20220210205801,20220210211436,03,0.0,1.5,0.0,0,false
02,73734533839,20220304021410,20220304023456,03,0.0,1.5,0.0,0,false
02,73734533839,20220315070217,20220315071027,03,0.0,1.5,0.0,0,false
02,73734533839,20220404081412,20220404083208,03,0.0,1.5,0.0,0,false
02,73734533839,20220407165725,20220407170529,03,0.0,1.5,0.0,0,false
02,73734533839,20220430202954,20220430204243,03,0.0,1.5,0.0,0,false
02,73734533839,20220501060630,20220501061115,03,0.0,1.5,0.0,0,false
02,73734536367,20220101011510,20220101013812,03,0.0,1.5,0.0,0,false
02,73734536367,20220122105613,20220122110825,03,0.0,1.5,0.0,0,false
02,73734536367,20220219142146,20220219144730,03,0.0,1.5,0.0,0,false
02,73734536367,20220226014209,20220226015036,03,0.0,1.5,0.0,0,false
02,73734536367,20220324070830,20220324070904,03,0.0,1.5,0.0,0,false
02,73734536367,20220327104644,20220327105709,03,0.0,1.5,0.0,0,false
02,73734536367,20220417135026,20220417140031,03,0.0,1.5,0.0,0,false
02,73734536367,20220507001153,20220507001927,03,0.0,1.5,0.0,0,false
02,73734536367,20220531042036,20220531042123,03,0.0,1.5,0.0,0,false
02,73734536367,20220622151131,20220622153333,03,0.0,1.5,0.0,0,false
02,73734538927,20220101011510,20220101012341,06,100.0,1.0,0.0,300,false
02,73734538927,20220120012623,20220120014630,06,100.0,1.0,0.0,300,false
02,73734538927,20220217112715,20220217114322,06,100.0,1.0,0.0,300,false
02,73734538927,20220217221726,20220217222009,06,100.0,1.0,0.0,300,false
02,73734538927,20220308013329,20220308014306,06,100.0,1.0,0.0,300,false
02,73734538927,20220404020315,20220404020620,06,100.0,1.0,0.0,300,false
02,73734538927,20220503103637,20220503110307,06,100.0,1.0,0.0,300,false
02,73734538927,20220517174123,20220517175617,06,100.0,1.0,0.0,300,false
02,73734538927,20220610200010,20220610202913,06,100.0,1.0,0.0,300,false
02,73734538927,20220710004628,20220710005729,06,100.0,1.0,0.0,300,false
01,73734540219,20220101011510,20220101013713,11,0.0,1.5,0.5,100,true
01,73734540219,20220120065613,20220120070602,11,0.0,1.5,0.5,100,true
01,73734540219,20220202135554,20220202142026,11,0.0,1.5,0.5,100,true
01,73734540219,20220227150212,20220227152517,11,0.0,1.5,0.5,100,true
01,73734540219,20220306193117,20220306195956,11,0.0,1.5,0.5,100,true
01,73734540219,20220316072428,20220316073444,11,0.0,1.5,0.5,100,true
01,73734540219,20220403101547,20220403104441,11,0.0,1.5,0.5,100,true
01,73734540219,20220425132133,20220425134305,11,0.0,1.5,0.5,100,true
01,73734540219,20220428135653,20220428140332,11,0.0,1.5,0.5,100,true
01,73734540219,20220525162652,20220525164229,11,0.0,1.5,0.5,100,true
02,73734545467,20220101011510,20220101013622,06,100.0,1.0,0.0,300,false
02,73734545467,20220122023115,20220122025813,06,100.0,1.0,0.0,300,false
02,73734545467,20220202073619,20220202075522,06,100.0,1.0,0.0,300,false
02,73734545467,20220213140119,20220213141426,06,100.0,1.0,0.0,300,false
02,73734545467,20220219175223,20220219181408,06,100.0,1.0,0.0,300,false
02,73734545467,20220222013121,20220222014422,06,100.0,1.0,0.0,300,false
02,73734545467,20220306033752,20220306034948,06,100.0,1.0,0.0,300,false
02,73734545467,20220319092719,20220319095335,06,100.0,1.0,0.0,300,false
02,73734545467,20220323175955,20220323181653,06,100.0,1.0,0.0,300,false
02,73734545467,20220416184023,20220416190733,06,100.0,1.0,0.0,300,false
01,73734553579,20220101011510,20220101011704,06,100.0,1.0,0.0,300,false
01,73734553579,20220126103934,20220126105956,06,100.0,1.0,0.0,300,false
01,73734553579,20220220223602,20220220230217,06,100.0,1.0,0.0,300,false
01,73734553579,20220316225620,20220316231708,06,100.0,1.0,0.0,300,false
01,73734553579,20220415064419,20220415071108,06,100.0,1.0,0.0,300,false
01,73734553579,20220415172505,20220415175012,06,100.0,1.0,0.0,300,false
01,73734553579,20220430193101,20220430193815,06,100.0,1.0,0.0,300,false
01,73734553579,20220528002206,20220528004058,06,100.0,1.0,0.0,300,false
01,73734553579,20220624111632,20220624113816,06,100.0,1.0,0.0,300,false
01,73734553579,20220713195204,20220713202057,06,100.0,1.0,0.0,300,false
01,73734556347,20220101011510,20220101012540,11,0.0,1.5,0.5,100,true
01,73734556347,20220117044942,20220117051336,11,0.0,1.5,0.5,100,true
01,73734556347,20220204062655,20220204065510,11,0.0,1.5,0.5,100,true
01,73734556347,20220228133251,20220228135911,11,0.0,1.5,0.5,100,true
01,73734556347,20220325004959,20220325005054,11,0.0,1.5,0.5,100,true
01,73734556347,20220404033934,20220404034857,11,0.0,1.5,0.5,100,true
01,73734556347,20220417112133,20220417112438,11,0.0,1.5,0.5,100,true
01,73734556347,20220501153618,20220501154802,11,0.0,1.5,0.5,100,true
01,73734556347,20220502223543,20220502225936,11,0.0,1.5,0.5,100,true
01,73734556347,20220526093808,20220526100631,11,0.0,1.5,0.5,100,true
01,73734557743,20220101011510,20220101014201,11,0.0,1.5,0.5,100,true
01,73734557743,20220130091343,20220130093925,11,0.0,1.5,0.5,100,true
01,73734557743,20220227195450,20220227200757,11,0.0,1.5,0.5,100,true
01,73734557743,20220324001906,20220324004010,11,0.0,1.5,0.5,100,true
01,73734557743,20220416011532,20220416014155,11,0.0,1.5,0.5,100,true
01,73734557743,20220416093958,20220416100130,11,0.0,1.5,0.5,100,true
01,73734557743,20220509150041,20220509151736,11,0.0,1.5,0.5,100,true
01,73734557743,20220528013654,20220528015750,11,0.0,1.5,0.5,100,true
01,73734557743,20220619042401,20220619043912,11,0.0,1.5,0.5,100,true
01,73734557743,20220701144817,20220701151121,11,0.0,1.5,0.5,100,true
02,73734559147,20220101011510,20220101014156,06,100.0,1.0,0.0,300,false
02,73734559147,20220109035033,20220109035714,06,100.0,1.0,0.0,300,false
02,73734559147,20220124054037,20220124060458,06,100.0,1.0,0.0,300,false
02,73734559147,20220208144305,20220208145303,06,100.0,1.0,0.0,300,false
02,73734559147,20220305200327,20220305202527,06,100.0,1.0,0.0,300,false
02,73734559147,20220404025050,20220404031854,06,100.0,1.0,0.0,300,false
02,73734559147,20220430033318,20220430033503,06,100.0,1.0,0.0,300,false
02,73734559147,20220524042925,20220524043237,06,100.0,1.0,0.0,300,false
02,73734559147,20220601044819,20220601051719,06,100.0,1.0,0.0,300,false
02,73734559147,20220612123421,20220612124056,06,100.0,1.0,0.0,300,false
02,73734560559,20220101011510,20220101012302,03,0.0,1.5,0.0,0,false
02,73734560559,20220129085646,20220129085849,03,0.0,1.5,0.0,0,false
02,73734560559,20220218150101,20220218152827,03,0.0,1.5,0.0,0,false
02,73734560559,20220228171707,20220228172610,03,0.0,1.5,0.0,0,false
02,73734560559,20220303035257,20220303040718,03,0.0,1.5,0.0,0,false
02,73734560559,20220312075104,20220312081859,03,0.0,1.5,0.0,0,false
02,73734560559,20220409191706,20220409191852,03,0.0,1.5,0.0,0,false
02,73734560559,20220420232245,20220420233058,03,0.0,1.5,0.0,0,false
02,73734560559,20220513080107,20220513081842,03,0.0,1.5,0.0,0,false
02,73734560559,20220518145828,20220518152150,03,0.0,1.5,0.0,0,false
02,73734561979,20220101011510,20220101012853,06,100.0,1.0,0.0,300,false
02,73734561979,20220118112256,20220118113505,06,100.0,1.0,0.0,300,false
02,73734561979,20220129192225,20220129195044,06,100.0,1.0,0.0,300,false
02,73734561979,20220226195812,20220226195915,06,100.0,1.0,0.0,300,false
02,73734561979,20220328043626,20220328044902,06,100.0,1.0,0.0,300,false
02,73734561979,20220410112519,20220410115049,06,100.0,1.0,0.0,300,false
02,73734561979,20220506211505,20220506211545,06,100.0,1.0,0.0,300,false
02,73734561979,20220601222210,20220601223756,06,100.0,1.0,0.0,300,false
02,73734561979,20220630233740,20220630234822,06,100.0,1.0,0.0,300,false
02,73734561979,20220707234813,20220707235748,06,100.0,1.0,0.0,300,false
01,73734563407,20220101011510,20220101014322,06,100.0,1.0,0.0,300,false
01,73734563407,20220121071423,20220121073520,06,100.0,1.0,0.0,300,false
01,73734563407,20220129183100,20220129190018,06,100.0,1.0,0.0,300,false
01,73734563407,20220222005006,20220222011402,06,100.0,1.0,0.0,300,false
01,73734563407,20220304043908,20220304044056,06,100.0,1.0,0.0,300,false
01,73734563407,20220401051027,20220401053803,06,100.0,1.0,0.0,300,false
01,73734563407,20220427135458,20220427141158,06,100.0,1.0,0.0,300,false
01,73734563407,20220507190954,20220507191345,06,100.0,1.0,0.0,300,false
01,73734563407,20220520063046,20220520063735,06,100.0,1.0,0.0,300,false
01,73734563407,20220601133636,20220601134214,06,100.0,1.0,0.0,300,false
01,73734564843,20220101011510,20220101014246,11,0.0,1.5,0.5,100,true
01,73734564843,20220116063813,20220116065906,11,0.0,1.5,0.5,100,true
01,73734564843,20220206172445,20220206173840,11,0.0,1.5,0.5,100,true
01,73734564843,20220213000051,20220213001327,11,0.0,1.5,0.5,100,true
01,73734564843,20220304012739,20220304015054,11,0.0,1.5,0.5,100,true
01,73734564843,20220315070253,20220315072250,11,0.0,1.5,0.5,100,true
01,73734564843,20220323134914,20220323135247,11,0.0,1.5,0.5,100,true
01,73734564843,20220408000452,20220408002613,11,0.0,1.5,0.5,100,true
01,73734564843,20220428010103,20220428011531,11,0.0,1.5,0.5,100,true
01,73734564843,20220514085006,20220514090459,11,0.0,1.5,0.5,100,true
02,73734566287,20220101011510,20220101011909,03,0.0,1.5,0.0,0,false
02,73734566287,20220109061224,20220109062053,03,0.0,1.5,0.0,0,false
02,73734566287,20220114123339,20220114124222,03,0.0,1.5,0.0,0,false
02,73734566287,20220202151829,20220202153719,03,0.0,1.5,0.0,0,false
02,73734566287,20220221162018,20220221164453,03,0.0,1.5,0.0,0,false
02,73734566287,20220227205113,20220227211332,03,0.0,1.5,0.0,0,false
02,73734566287,20220317051638,20220317054613,03,0.0,1.5,0.0,0,false
02,73734566287,20220326143323,20220326150138,03,0.0,1.5,0.0,0,false
02,73734566287,20220405191623,20220405192045,03,0.0,1.5,0.0,0,false
02,73734566287,20220420235616,20220421001347,03,0.0,1.5,0.0,0,false
02,73734567739,20220101011510,20220101013532,03,0.0,1.5,0.0,0,false
02,73734567739,20220130083814,20220130090315,03,0.0,1.5,0.0,0,false
02,73734567739,20220227201244,20220227201736,03,0.0,1.5,0.0,0,false
02,73734567739,20220317052503,20220317053759,03,0.0,1.5,0.0,0,false
02,73734567739,20220406164903,20220406170333,03,0.0,1.5,0.0,0,false
02,73734567739,20220430211117,20220430211552,03,0.0,1.5,0.0,0,false
02,73734567739,20220520024716,20220520031511,03,0.0,1.5,0.0,0,false
02,73734567739,20220527123239,20220527123933,03,0.0,1.5,0.0,0,false
02,73734567739,20220620171132,20220620171945,03,0.0,1.5,0.0,0,false
02,73734567739,20220625184038,20220625191016,03,0.0,1.5,0.0,0,false
02,73734572143,20220101011510,20220101014325,06,100.0,1.0,0.0,300,false
02,73734572143,20220102021634,20220102022246,06,100.0,1.0,0.0,300,false
02,73734572143,20220127140435,20220127140926,06,100.0,1.0,0.0,300,false
02,73734572143,20220224231023,20220224231920,06,100.0,1.0,0.0,300,false
02,73734572143,20220309034735,20220309035834,06,100.0,1.0,0.0,300,false
02,73734572143,20220323113316,20220323115457,06,100.0,1.0,0.0,300,false
02,73734572143,20220407205113,20220407210535,06,100.0,1.0,0.0,300,false
02,73734572143,20220421205616,20220421212551,06,100.0,1.0,0.0,300,false
02,73734572143,20220519053420,20220519054914,06,100.0,1.0,0.0,300,false
02,73734572143,20220607090311,20220607093007,06,100.0,1.0,0.0,300,false
02,73734573627,20220101011510,20220101013658,03,0.0,1.5,0.0,0,false
02,73734573627,20220118015331,20220118020543,03,0.0,1.5,0.0,0,false
02,73734573627,20220119053503,20220119054945,03,0.0,1.5,0.0,0,false
02,73734573627,20220131103916,20220131104250,03,0.0,1.5,0.0,0,false
02,73734573627,20220207153545,20220207155848,03,0.0,1.5,0.0,0,false
02,73734573627,20220220023318,20220220024943,03,0.0,1.5,0.0,0,false
02,73734573627,20220312132956,20220312135855,03,0.0,1.5,0.0,0,false
02,73734573627,20220410191127,20220410194109,03,0.0,1.5,0.0,0,false
02,73734573627,20220430032624,20220430032815,03,0.0,1.5,0.0,0,false
02,73734573627,20220501060554,20220501062049,03,0.0,1.5,0.0,0,false
01,73734575119,20220101011510,20220101013412,06,100.0,1.0,0.0,300,false
01,73734575119,20220127125401,20220127125924,06,100.0,1.0,0.0,300,false
01,73734575119,20220224000957,20220224003332,06,100.0,1.0,0.0,300,false
01,73734575119,20220322114911,20220322115249,06,100.0,1.0,0.0,300,false
01,73734575119,20220404144501,20220404150704,06,100.0,1.0,0.0,300,false
01,73734575119,20220424195839,20220424200241,06,100.0,1.0,0.0,300,false
01,73734575119,20220507225722,20220507232353,06,100.0,1.0,0.0,300,false
01,73734575119,20220604043204,20220604043848,06,100.0,1.0,0.0,300,false
01,73734575119,20220606121723,20220606124709,06,100.0,1.0,0.0,300,false
01,73734575119,20220630230029,20220630230621,06,100.0,1.0,0.0,300,false
01,73734578127,20220101011510,20220101012105,03,0.0,1.5,0.0,0,false
01,73734578127,20220130052500,20220130052657,03,0.0,1.5,0.0,0,false
01,73734578127,20220213055014,20220213055341,03,0.0,1.5,0.0,0,false
01,73734578127,20220227120200,20220227122409,03,0.0,1.5,0.0,0,false
01,73734578127,20220317232913,20220317234322,03,0.0,1.5,0.0,0,false
01,73734578127,20220407105600,20220407111549,03,0.0,1.5,0.0,0,false
01,73734578127,20220408143729,20220408150311,03,0.0,1.5,0.0,0,false
01,73734578127,20220505203134,20220505203407,03,0.0,1.5,0.0,0,false
01,73734578127,20220525222618,20220525225014,03,0.0,1.5,0.0,0,false
01,73734578127,20220620065146,20220620071620,03,0.0,1.5,0.0,0,false
02,73734579643,20220101011510,20220101012410,11,0.0,1.5,0.5,100,true
02,73734579643,20220124043404,20220124044245,11,0.0,1.5,0.5,100,true
02,73734579643,20220212161225,20220212162233,11,0.0,1.5,0.5,100,true
02,73734579643,20220301005350,20220301012306,11,0.0,1.5,0.5,100,true
02,73734579643,20220307082001,20220307084339,11,0.0,1.5,0.5,100,true
02,73734579643,20220313124417,20220313130045,11,0.0,1.5,0.5,100,true
02,73734579643,20220322165322,20220322171014,11,0.0,1.5,0.5,100,true
02,73734579643,20220401013603,20220401013700,11,0.0,1.5,0.5,100,true
02,73734579643,20220424083535,20220424090120,11,0.0,1.5,0.5,100,true
02,73734579643,20220512133251,20220512134343,11,0.0,1.5,0.5,100,true
01,73734582699,20220101011510,20220101013401,11,0.0,1.5,0.5,100,true
01,73734582699,20220124105113,20220124110334,11,0.0,1.5,0.5,100,true
01,73734582699,20220218124159,20220218125019,11,0.0,1.5,0.5,100,true
01,73734582699,20220308182416,20220308183752,11,0.0,1.5,0.5,100,true
01,73734582699,20220401030421,20220401032007,11,0.0,1.5,0.5,100,true
01,73734582699,20220430031238,20220430032308,11,0.0,1.5,0.5,100,true
01,73734582699,20220511121003,20220511121824,11,0.0,1.5,0.5,100,true
01,73734582699,20220517232252,20220517233158,11,0.0,1.5,0.5,100,true
01,73734582699,20220608073853,20220608075629,11,0.0,1.5,0.5,100,true
01,73734582699,20220705140545,20220705141512,11,0.0,1.5,0.5,100,true
01,73734587343,20220101011510,20220101013317,03,0.0,1.5,0.0,0,false
01,73734587343,20220113034829,20220113034839,03,0.0,1.5,0.0,0,false
01,73734587343,20220123072838,20220123074822,03,0.0,1.5,0.0,0,false
01,73734587343,20220214170851,20220214171707,03,0.0,1.5,0.0,0,false
01,73734587343,20220315213144,20220315214814,03,0.0,1.5,0.0,0,false
01,73734587343,20220322015504,20220322020634,03,0.0,1.5,0.0,0,false
01,73734587343,20220331105143,20220331105149,03,0.0,1.5,0.0,0,false
01,73734587343,20220402222329,20220402223216,03,0.0,1.5,0.0,0,false
01,73734587343,20220410233256,20220410235918,03,0.0,1.5,0.0,0,false
01,73734587343,20220420083318,20220420083656,03,0.0,1.5,0.0,0,false
01,73734588907,20220101011510,20220101014500,11,0.0,1.5,0.5,100,true
01,73734588907,20220113131017,20220113133551,11,0.0,1.5,0.5,100,true
01,73734588907,20220209192844,20220209194638,11,0.0,1.5,0.5,100,true
01,73734588907,20220215205717,20220215211353,11,0.0,1.5,0.5,100,true
01,73734588907,20220308083914,20220308090810,11,0.0,1.5,0.5,100,true
01,73734588907,20220406172511,20220406174029,11,0.0,1.5,0.5,100,true
01,73734588907,20220429233953,20220429235017,11,0.0,1.5,0.5,100,true
01,73734588907,20220503044636,20220503050814,11,0.0,1.5,0.5,100,true
01,73734588907,20220505114219,20220505114406,11,0.0,1.5,0.5,100,true
01,73734588907,20220522173915,20220522174437,11,0.0,1.5,0.5,100,true
01,73734590479,20220101011510,20220101013937,11,0.0,1.5,0.5,100,true
01,73734590479,20220102051408,20220102053954,11,0.0,1.5,0.5,100,true
01,73734590479,20220109133154,20220109135028,11,0.0,1.5,0.5,100,true
01,73734590479,20220201190029,20220201192630,11,0.0,1.5,0.5,100,true
01,73734590479,20220212211001,20220212211901,11,0.0,1.5,0.5,100,true
01,73734590479,20220216235322,20220217002151,11,0.0,1.5,0.5,100,true
01,73734590479,20220224021953,20220224022147,11,0.0,1.5,0.5,100,true
01,73734590479,20220307081332,20220307082029,11,0.0,1.5,0.5,100,true
01,73734590479,20220311192411,20220311195304,11,0.0,1.5,0.5,100,true
01,73734590479,20220325052104,20220325054232,11,0.0,1.5,0.5,100,true
02,73734593647,20220101011510,20220101011708,06,100.0,1.0,0.0,300,false
02,73734593647,20220112055644,20220112055759,06,100.0,1.0,0.0,300,false
02,73734593647,20220119111133,20220119113157,06,100.0,1.0,0.0,300,false
02,73734593647,20220214221759,20220214224107,06,100.0,1.0,0.0,300,false
02,73734593647,20220316041735,20220316043123,06,100.0,1.0,0.0,300,false
02,73734593647,20220323085321,20220323090842,06,100.0,1.0,0.0,300,false
02,73734593647,20220409085805,20220409091627,06,100.0,1.0,0.0,300,false
02,73734593647,20220413174133,20220413174548,06,100.0,1.0,0.0,300,false
02,73734593647,20220415032400,20220415032935,06,100.0,1.0,0.0,300,false
02,73734593647,20220507122243,20220507124547,06,100.0,1.0,0.0,300,false
01,73734595243,20220101011510,20220101011625,03,0.0,1.5,0.0,0,false
01,73734595243,20220126015808,20220126020337,03,0.0,1.5,0.0,0,false
01,73734595243,20220223065457,20220223070603,03,0.0,1.5,0.0,0,false
01,73734595243,20220302075032,20220302080306,03,0.0,1.5,0.0,0,false
01,73734595243,20220324075050,20220324075054,03,0.0,1.5,0.0,0,false
01,73734595243,20220411193154,20220411195020,03,0.0,1.5,0.0,0,false
01,73734595243,20220427054623,20220427060821,03,0.0,1.5,0.0,0,false
01,73734595243,20220514063442,20220514070312,03,0.0,1.5,0.0,0,false
01,73734595243,20220519082351,20220519083652,03,0.0,1.5,0.0,0,false
01,73734595243,20220524141718,20220524142807,03,0.0,1.5,0.0,0,false
02,73734600079,20220101011510,20220101012502,03,0.0,1.5,0.0,0,false
02,73734600079,20220108044847,20220108050208,03,0.0,1.5,0.0,0,false
02,73734600079,20220124162106,20220124162952,03,0.0,1.5,0.0,0,false
02,73734600079,20220130013621,20220130020351,03,0.0,1.5,0.0,0,false
02,73734600079,20220227070443,20220227071235,03,0.0,1.5,0.0,0,false
02,73734600079,20220315175516,20220315180843,03,0.0,1.5,0.0,0,false
02,73734600079,20220402043321,20220402044818,03,0.0,1.5,0.0,0,false
02,73734600079,20220425125853,20220425131240,03,0.0,1.5,0.0,0,false
02,73734600079,20220504192123,20220504192601,03,0.0,1.5,0.0,0,false
02,73734600079,20220603054203,20220603054929,03,0.0,1.5,0.0,0,false
01,73734601707,20220101011510,20220101013519,11,0.0,1.5,0.5,100,true
01,73734601707,20220110084045,20220110085050,11,0.0,1.5,0.5,100,true
01,73734601707,20220121155631,20220121161948,11,0.0,1.5,0.5,100,true
01,73734601707,20220208023759,20220208024323,11,0.0,1.5,0.5,100,true
01,73734601707,20220309055320,20220309060835,11,0.0,1.5,0.5,100,true
01,73734601707,20220309095932,20220309102421,11,0.0,1.5,0.5,100,true
01,73734601707,20220326203855,20220326205749,11,0.0,1.5,0.5,100,true
01,73734601707,20220411040134,20220411042620,11,0.0,1.5,0.5,100,true
01,73734601707,20220504134941,20220504141235,11,0.0,1.5,0.5,100,true
01,73734601707,20220530161934,20220530164536,11,0.0,1.5,0.5,100,true
01,73734603343,20220101011510,20220101012421,11,0.0,1.5,0.5,100,true
01,73734603343,20220116060730,20220116061106,11,0.0,1.5,0.5,100,true
01,73734603343,20220127111652,20220127114158,11,0.0,1.5,0.5,100,true
01,73734603343,20220215140053,20220215142355,11,0.0,1.5,0.5,100,true
01,73734603343,20220308184635,20220308190043,11,0.0,1.5,0.5,100,true
01,73734603343,20220406053157,20220406055009,11,0.0,1.5,0.5,100,true
01,73734603343,20220418122435,20220418124410,11,0.0,1.5,0.5,100,true
01,73734603343,20220426170215,20220426172259,11,0.0,1.5,0.5,100,true
01,73734603343,20220505175736,20220505181635,11,0.0,1.5,0.5,100,true
01,73734603343,20220507191248,20220507192639,11,0.0,1.5,0.5,100,true
01,73734604987,20220101011510,20220101014004,11,0.0,1.5,0.5,100,true
01,73734604987,20220125061232,20220125063838,11,0.0,1.5,0.5,100,true
01,73734604987,20220219092102,20220219095033,11,0.0,1.5,0.5,100,true
01,73734604987,20220223132145,20220223134250,11,0.0,1.5,0.5,100,true
01,73734604987,20220307201310,20220307202252,11,0.0,1.5,0.5,100,true
01,73734604987,20220402213439,20220402220136,11,0.0,1.5,0.5,100,true
01,73734604987,20220429051031,20220429052353,11,0.0,1.5,0.5,100,true
01,73734604987,20220513170648,20220513173536,11,0.0,1.5,0.5,100,true
01,73734604987,20220606221308,20220606222811,11,0.0,1.5,0.5,100,true
01,73734604987,20220628012605,20220628014813,11,0.0,1.5,0.5,100,true
02,73734608299,20220101011510,20220101012101,11,0.0,1.5,0.5,100,true
02,73734608299,20220123080731,20220123082038,11,0.0,1.5,0.5,100,true
02,73734608299,20220209100611,20220209100623,11,0.0,1.5,0.5,100,true
02,73734608299,20220228192335,20220228193704,11,0.0,1.5,0.5,100,true
02,73734608299,20220316005051,20220316011103,11,0.0,1.5,0.5,100,true
02,73734608299,20220322112342,20220322115155,11,0.0,1.5,0.5,100,true
02,73734608299,20220410141530,20220410144219,11,0.0,1.5,0.5,100,true
02,73734608299,20220505190808,20220505193144,11,0.0,1.5,0.5,100,true
02,73734608299,20220603194717,20220603195224,11,0.0,1.5,0.5,100,true
02,73734608299,20220621220205,20220621222927,11,0.0,1.5,0.5,100,true
02,73734616719,20220101011510,20220101011550,06,100.0,1.0,0.0,300,false
02,73734616719,20220109095119,20220109095327,06,100.0,1.0,0.0,300,false
02,73734616719,20220129165223,20220129165447,06,100.0,1.0,0.0,300,false
02,73734616719,20220222231810,20220222234202,06,100.0,1.0,0.0,300,false
02,73734616719,20220226031146,20220226033954,06,100.0,1.0,0.0,300,false
02,73734616719,20220318133626,20220318133752,06,100.0,1.0,0.0,300,false
02,73734616719,20220331004458,20220331005339,06,100.0,1.0,0.0,300,false
02,73734616719,20220402052508,20220402053341,06,100.0,1.0,0.0,300,false
02,73734616719,20220418140233,20220418140602,06,100.0,1.0,0.0,300,false
02,73734616719,20220518004106,20220518005527,06,100.0,1.0,0.0,300,false
02,73734618427,20220101011510,20220101012410,06,100.0,1.0,0.0,300,false
02,73734618427,20220102055346,20220102060326,06,100.0,1.0,0.0,300,false
02,73734618427,20220131102040,20220131104226,06,100.0,1.0,0.0,300,false
02,73734618427,20220301113502,20220301114625,06,100.0,1.0,0.0,300,false
02,73734618427,20220320161406,20220320163831,06,100.0,1.0,0.0,300,false
02,73734618427,20220412173902,20220412175103,06,100.0,1.0,0.0,300,false
02,73734618427,20220428212748,20220428215512,06,100.0,1.0,0.0,300,false
02,73734618427,20220502064753,20220502070451,06,100.0,1.0,0.0,300,false
02,73734618427,20220525183038,20220525183627,06,100.0,1.0,0.0,300,false
02,73734618427,20220530203849,20220530204335,06,100.0,1.0,0.0,300,false
01,73734621867,20220101011510,20220101012756,06,100.0,1.0,0.0,300,false
01,73734621867,20220109024431,20220109030316,06,100.0,1.0,0.0,300,false
01,73734621867,20220207083602,20220207083707,06,100.0,1.0,0.0,300,false
01,73734621867,20220209091839,20220209093118,06,100.0,1.0,0.0,300,false
01,73734621867,20220227093953,20220227094427,06,100.0,1.0,0.0,300,false
01,73734621867,20220311135022,20220311140031,06,100.0,1.0,0.0,300,false
01,73734621867,20220408233601,20220408235731,06,100.0,1.0,0.0,300,false
01,73734621867,20220415025632,20220415031611,06,100.0,1.0,0.0,300,false
01,73734621867,20220418100226,20220418102816,06,100.0,1.0,0.0,300,false
01,73734621867,20220508134332,20220508135654,06,100.0,1.0,0.0,300,false
01,73734627087,20220101011510,20220101014228,03,0.0,1.5,0.0,0,false
01,73734627087,20220116114144,20220116114404,03,0.0,1.5,0.0,0,false
01,73734627087,20220116193108,20220116194041,03,0.0,1.5,0.0,0,false
01,73734627087,20220130233132,20220130233749,03,0.0,1.5,0.0,0,false
01,73734627087,20220213010323,20220213012705,03,0.0,1.5,0.0,0,false
01,73734627087,20220215021829,20220215022420,03,0.0,1.5,0.0,0,false
01,73734627087,20220302075341,20220302080238,03,0.0,1.5,0.0,0,false
01,73734627087,20220313110542,20220313111018,03,0.0,1.5,0.0,0,false
01,73734627087,20220323132050,20220323133447,03,0.0,1.5,0.0,0,false
01,73734627087,20220330134523,20220330135144,03,0.0,1.5,0.0,0,false
01,73734628843,20220101011510,20220101012259,06,100.0,1.0,0.0,300,false
01,73734628843,20220123083556,20220123085010,06,100.0,1.0,0.0,300,false
01,73734628843,20220126165441,20220126171653,06,100.0,1.0,0.0,300,false
01,73734628843,20220129215537,20220129220848,06,100.0,1.0,0.0,300,false
01,73734628843,20220201041632,20220201043604,06,100.0,1.0,0.0,300,false
01,73734628843,20220205094334,20220205095729,06,100.0,1.0,0.0,300,false
01,73734628843,20220217184255,20220217185725,06,100.0,1.0,0.0,300,false
01,73734628843,20220301221325,20220301223919,06,100.0,1.0,0.0,300,false
01,73734628843,20220308073046,20220308074632,06,100.0,1.0,0.0,300,false
01,73734628843,20220309094736,20220309101445,06,100.0,1.0,0.0,300,false
02,73734630607,20220101011510,20220101012415,11,0.0,1.5,0.5,100,true
02,73734630607,20220107125348,20220107130436,11,0.0,1.5,0.5,100,true
02,73734630607,20220128193400,20220128195903,11,0.0,1.5,0.5,100,true
02,73734630607,20220211195950,20220211202352,11,0.0,1.5,0.5,100,true
02,73734630607,20220213022502,20220213023151,11,0.0,1.5,0.5,100,true
02,73734630607,20220309034544,20220309040342,11,0.0,1.5,0.5,100,true
02,73734630607,20220317094316,20220317095412,11,0.0,1.5,0.5,100,true
02,73734630607,20220327174723,20220327175136,11,0.0,1.5,0.5,100,true
02,73734630607,20220419181039,20220419184033,11,0.0,1.5,0.5,100,true
02,73734630607,20220422221323,20220422223547,11,0.0,1.5,0.5,100,true
02,73734634159,20220101011510,20220101014454,06,100.0,1.0,0.0,300,false
02,73734634159,20220109075812,20220109080955,06,100.0,1.0,0.0,300,false
02,73734634159,20220112165943,20220112171726,06,100.0,1.0,0.0,300,false
02,73734634159,20220209195806,20220209200611,06,100.0,1.0,0.0,300,false
02,73734634159,20220302024838,20220302031108,06,100.0,1.0,0.0,300,false
02,73734634159,20220319045752,20220319051500,06,100.0,1.0,0.0,300,false
02,73734634159,20220327111832,20220327114021,06,100.0,1.0,0.0,300,false
02,73734634159,20220418230215,20220418232219,06,100.0,1.0,0.0,300,false
02,73734634159,20220419074908,20220419080545,06,100.0,1.0,0.0,300,false
02,73734634159,20220517131112,20220517132627,06,100.0,1.0,0.0,300,false
01,73734635947,20220101011510,20220101011655,03,0.0,1.5,0.0,0,false
01,73734635947,20220101125246,20220101131342,03,0.0,1.5,0.0,0,false
01,73734635947,20220114210309,20220114211510,03,0.0,1.5,0.0,0,false
01,73734635947,20220203013820,20220203015650,03,0.0,1.5,0.0,0,false
01,73734635947,20220301064049,20220301070516,03,0.0,1.5,0.0,0,false
01,73734635947,20220328122745,20220328123213,03,0.0,1.5,0.0,0,false
01,73734635947,20220423220026,20220423221249,03,0.0,1.5,0.0,0,false
01,73734635947,20220428000324,20220428002945,03,0.0,1.5,0.0,0,false
01,73734635947,20220503032307,20220503034806,03,0.0,1.5,0.0,0,false
01,73734635947,20220516054133,20220516055804,03,0.0,1.5,0.0,0,false
01,73734639547,20220101011510,20220101013652,03,0.0,1.5,0.0,0,false
01,73734639547,20220111034623,20220111041047,03,0.0,1.5,0.0,0,false
01,73734639547,20220117045301,20220117050943,03,0.0,1.5,0.0,0,false
01,73734639547,20220118140106,20220118142626,03,0.0,1.5,0.0,0,false
01,73734639547,20220201155937,20220201160429,03,0.0,1.5,0.0,0,false
01,73734639547,20220226033816,20220226034211,03,0.0,1.5,0.0,0,false
01,73734639547,20220306093755,20220306094442,03,0.0,1.5,0.0,0,false
01,73734639547,20220403161503,20220403163150,03,0.0,1.5,0.0,0,false
01,73734639547,20220501001319,20220501003031,03,0.0,1.5,0.0,0,false
01,73734639547,20220526061934,20220526063632,03,0.0,1.5,0.0,0,false
02,73734641359,20220101011510,20220101013742,06,100.0,1.0,0.0,300,false
02,73734641359,20220128085024,20220128090447,06,100.0,1.0,0.0,300,false
02,73734641359,20220208093527,20220208100037,06,100.0,1.0,0.0,300,false
02,73734641359,20220217095816,20220217102543,06,100.0,1.0,0.0,300,false
02,73734641359,20220307213155,20220307214850,06,100.0,1.0,0.0,300,false
02,73734641359,20220314024933,20220314030302,06,100.0,1.0,0.0,300,false
02,73734641359,20220326052830,20220326054411,06,100.0,1.0,0.0,300,false
02,73734641359,20220327092832,20220327094440,06,100.0,1.0,0.0,300,false
02,73734641359,20220327155208,20220327162010,06,100.0,1.0,0.0,300,false
02,73734641359,20220409220718,20220409222150,06,100.0,1.0,0.0,300,false
02,73734645007,20220101011510,20220101013103,11,0.0,1.5,0.5,100,true
02,73734645007,20220127020455,20220127022253,11,0.0,1.5,0.5,100,true
02,73734645007,20220217044422,20220217050951,11,0.0,1.5,0.5,100,true
02,73734645007,20220317134432,20220317134806,11,0.0,1.5,0.5,100,true
02,73734645007,20220318191321,20220318194007,11,0.0,1.5,0.5,100,true
02,73734645007,20220403004314,20220403005343,11,0.0,1.5,0.5,100,true
02,73734645007,20220405051327,20220405054028,11,0.0,1.5,0.5,100,true
02,73734645007,20220413092113,20220413094315,11,0.0,1.5,0.5,100,true
02,73734645007,20220420203239,20220420203635,11,0.0,1.5,0.5,100,true
02,73734645007,20220427014739,20220427014814,11,0.0,1.5,0.5,100,true
02,73734648687,20220101011510,20220101014129,11,0.0,1.5,0.5,100,true
02,73734648687,20220118124120,20220118131054,11,0.0,1.5,0.5,100,true
02,73734648687,20220207150001,20220207152354,11,0.0,1.5,0.5,100,true
02,73734648687,20220228231241,20220228233333,11,0.0,1.5,0.5,100,true
02,73734648687,20220307074938,20220307080212,11,0.0,1.5,0.5,100,true
02,73734648687,20220405131307,20220405132529,11,0.0,1.5,0.5,100,true
02,73734648687,20220502001744,20220502003235,11,0.0,1.5,0.5,100,true
02,73734648687,20220502031328,20220502033409,11,0.0,1.5,0.5,100,true
02,73734648687,20220515082810,20220515084457,11,0.0,1.5,0.5,100,true
02,73734648687,20220522202332,20220522202906,11,0.0,1.5,0.5,100,true
02,73734650539,20220101011510,20220101014446,11,0.0,1.5,0.5,100,true
02,73734650539,20220130033511,20220130034835,11,0.0,1.5,0.5,100,true
02,73734650539,20220227044553,20220227045102,11,0.0,1.5,0.5,100,true
02,73734650539,20220228074926,20220228075204,11,0.0,1.5,0.5,100,true
02,73734650539,20220321105203,20220321110636,11,0.0,1.5,0.5,100,true
02,73734650539,20220322175749,20220322181602,11,0.0,1.5,0.5,100,true
02,73734650539,20220418222140,20220418223046,11,0.0,1.5,0.5,100,true
02,73734650539,20220501230214,20220501230342,11,0.0,1.5,0.5,100,true
02,73734650539,20220516043706,20220516050704,11,0.0,1.5,0.5,100,true
02,73734650539,20220606111829,20220606114148,11,0.0,1.5,0.5,100,true
01,73734652399,20220101011510,20220101012223,06,100.0,1.0,0.0,300,false
01,73734652399,20220126055529,20220126062200,06,100.0,1.0,0.0,300,false
01,73734652399,20220217124004,20220217124649,06,100.0,1.0,0.0,300,false
01,73734652399,20220309185853,20220309192715,06,100.0,1.0,0.0,300,false
01,73734652399,20220321025522,20220321030428,06,100.0,1.0,0.0,300,false
01,73734652399,20220325072133,20220325074643,06,100.0,1.0,0.0,300,false
01,73734652399,20220401132303,20220401133521,06,100.0,1.0,0.0,300,false
01,73734652399,20220411234609,20220411234633,06,100.0,1.0,0.0,300,false
01,73734652399,20220424052046,20220424053133,06,100.0,1.0,0.0,300,false
01,73734652399,20220503100604,20220503103351,06,100.0,1.0,0.0,300,false
01,73734656143,20220101011510,20220101012047,03,0.0,1.5,0.0,0,false
01,73734656143,20220112051245,20220112051944,03,0.0,1.5,0.0,0,false
01,73734656143,20220125071213,20220125072012,03,0.0,1.5,0.0,0,false
01,73734656143,20220204135107,20220204141723,03,0.0,1.5,0.0,0,false
01,73734656143,20220227145145,20220227150100,03,0.0,1.5,0.0,0,false
01,73734656143,20220320234438,20220321000052,03,0.0,1.5,0.0,0,false
01,73734656143,20220403023345,20220403025450,03,0.0,1.5,0.0,0,false
01,73734656143,20220418042313,20220418043819,03,0.0,1.5,0.0,0,false
01,73734656143,20220512055959,20220512061616,03,0.0,1.5,0.0,0,false
01,73734656143,20220526145034,20220526150843,03,0.0,1.5,0.0,0,false
02,73734659919,20220101011510,20220101013840,11,0.0,1.5,0.5,100,true
02,73734659919,20220112100953,20220112103714,11,0.0,1.5,0.5,100,true
02,73734659919,20220114103909,20220114110605,11,0.0,1.5,0.5,100,true
02,73734659919,20220120105543,20220120111337,11,0.0,1.5,0.5,100,true
02,73734659919,20220203181751,20220203183738,11,0.0,1.5,0.5,100,true
02,73734659919,20220205035335,20220205041134,11,0.0,1.5,0.5,100,true
02,73734659919,20220216065520,20220216071243,11,0.0,1.5,0.5,100,true
02,73734659919,20220317095803,20220317101838,11,0.0,1.5,0.5,100,true
02,73734659919,20220413124906,20220413125820,11,0.0,1.5,0.5,100,true
02,73734659919,20220429003725,20220429005204,11,0.0,1.5,0.5,100,true
02,73734663727,20220101011510,20220101011753,06,100.0,1.0,0.0,300,false
02,73734663727,20220130074352,20220130080356,06,100.0,1.0,0.0,300,false
02,73734663727,20220223075905,20220223081616,06,100.0,1.0,0.0,300,false
02,73734663727,20220322175316,20220322180009,06,100.0,1.0,0.0,300,false
02,73734663727,20220401002030,20220401004613,06,100.0,1.0,0.0,300,false
02,73734663727,20220409021219,20220409021856,06,100.0,1.0,0.0,300,false
02,73734663727,20220409034412,20220409034715,06,100.0,1.0,0.0,300,false
02,73734663727,20220507052212,20220507053233,06,100.0,1.0,0.0,300,false
02,73734663727,20220605085902,20220605091747,06,100.0,1.0,0.0,300,false
02,73734663727,20220702134829,20220702135823,06,100.0,1.0,0.0,300,false
01,73734665643,20220101011510,20220101013733,06,100.0,1.0,0.0,300,false
01,73734665643,20220104054115,20220104054431,06,100.0,1.0,0.0,300,false
01,73734665643,20220117115408,20220117121332,06,100.0,1.0,0.0,300,false
01,73734665643,20220121232615,20220121235253,06,100.0,1.0,0.0,300,false
01,73734665643,20220216054341,20220216061050,06,100.0,1.0,0.0,300,false
01,73734665643,20220317143030,20220317143738,06,100.0,1.0,0.0,300,false
01,73734665643,20220401233814,20220401234259,06,100.0,1.0,0.0,300,false
01,73734665643,20220408055130,20220408061440,06,100.0,1.0,0.0,300,false
01,73734665643,20220429102931,20220429105757,06,100.0,1.0,0.0,300,false
01,73734665643,20220509213228,20220509214435,06,100.0,1.0,0.0,300,false
02,73734669499,20220101011510,20220101012034,06,100.0,1.0,0.0,300,false
02,73734669499,20220115111753,20220115113532,06,100.0,1.0,0.0,300,false
02,73734669499,20220119132203,20220119133845,06,100.0,1.0,0.0,300,false
02,73734669499,20220210162759,20220210163444,06,100.0,1.0,0.0,300,false
02,73734669499,20220303224912,20220303231541,06,100.0,1.0,0.0,300,false
02,73734669499,20220309071123,20220309072322,06,100.0,1.0,0.0,300,false
02,73734669499,20220318072801,20220318073215,06,100.0,1.0,0.0,300,false
02,73734669499,20220408191219,20220408191615,06,100.0,1.0,0.0,300,false
02,73734669499,20220415062022,20220415062418,06,100.0,1.0,0.0,300,false
02,73734669499,20220425132059,20220425133622,06,100.0,1.0,0.0,300,false
01,73734671439,20220101011510,20220101012559,11,0.0,1.5,0.5,100,true
01,73734671439,20220126014320,20220126015403,11,0.0,1.5,0.5,100,true
01,73734671439,20220219084506,20220219091215,11,0.0,1.5,0.5,100,true
01,73734671439,20220306140725,20220306143202,11,0.0,1.5,0.5,100,true
01,73734671439,20220321000203,20220321000322,11,0.0,1.5,0.5,100,true
01,73734671439,20220326075235,20220326075358,11,0.0,1.5,0.5,100,true
01,73734671439,20220412111721,20220412113643,11,0.0,1.5,0.5,100,true
01,73734671439,20220510164520,20220510171513,11,0.0,1.5,0.5,100,true
01,73734671439,20220519025357,20220519031813,11,0.0,1.5,0.5,100,true
01,73734671439,20220604073442,20220604075023,11,0.0,1.5,0.5,100,true
01,73734673387,20220101011510,20220101012017,11,0.0,1.5,0.5,100,true
01,73734673387,20220120052150,20220120052952,11,0.0,1.5,0.5,100,true
01,73734673387,20220129121115,20220129122242,11,0.0,1.5,0.5,100,true
01,73734673387,20220220122005,20220220122539,11,0.0,1.5,0.5,100,true
01,73734673387,20220222214624,20220222220544,11,0.0,1.5,0.5,100,true
01,73734673387,20220316072748,20220316074525,11,0.0,1.5,0.5,100,true
01,73734673387,20220322120811,20220322121714,11,0.0,1.5,0.5,100,true
01,73734673387,20220420172957,20220420173103,11,0.0,1.5,0.5,100,true
01,73734673387,20220513174752,20220513180408,11,0.0,1.5,0.5,100,true
01,73734673387,20220611220144,20220611222459,11,0.0,1.5,0.5,100,true
02,73734679279,20220101011510,20220101014218,06,100.0,1.0,0.0,300,false
02,73734679279,20220107033140,20220107034047,06,100.0,1.0,0.0,300,false
02,73734679279,20220203083802,20220203085445,06,100.0,1.0,0.0,300,false
02,73734679279,20220228150913,20220228152012,06,100.0,1.0,0.0,300,false
02,73734679279,20220327011452,20220327012538,06,100.0,1.0,0.0,300,false
02,73734679279,20220418085615,20220418085634,06,100.0,1.0,0.0,300,false
02,73734679279,20220423144811,20220423145809,06,100.0,1.0,0.0,300,false
02,73734679279,20220502165638,20220502171846,06,100.0,1.0,0.0,300,false
02,73734679279,20220518223544,20220518225653,06,100.0,1.0,0.0,300,false
02,73734679279,20220603014003,20220603014703,06,100.0,1.0,0.0,300,false
01,73734681259,20220101011510,20220101013043,03,0.0,1.5,0.0,0,false
01,73734681259,20220109015849,20220109022246,03,0.0,1.5,0.0,0,false
01,73734681259,20220110035557,20220110041659,03,0.0,1.5,0.0,0,false
01,73734681259,20220202142006,20220202144008,03,0.0,1.5,0.0,0,false
01,73734681259,20220218174749,20220218175136,03,0.0,1.5,0.0,0,false
01,73734681259,20220227175008,20220227175817,03,0.0,1.5,0.0,0,false
01,73734681259,20220319231345,20220319232842,03,0.0,1.5,0.0,0,false
01,73734681259,20220414025240,20220414031605,03,0.0,1.5,0.0,0,false
01,73734681259,20220506063415,20220506063838,03,0.0,1.5,0.0,0,false
01,73734681259,20220529074836,20220529080754,03,0.0,1.5,0.0,0,false
01,73734683247,20220101011510,20220101012350,06,100.0,1.0,0.0,300,false
01,73734683247,20220105072556,20220105073356,06,100.0,1.0,0.0,300,false
01,73734683247,20220111172016,20220111174420,06,100.0,1.0,0.0,300,false
01,73734683247,20220130192916,20220130195826,06,100.0,1.0,0.0,300,false
01,73734683247,20220212051443,20220212053659,06,100.0,1.0,0.0,300,false
01,73734683247,20220310074810,20220310075425,06,100.0,1.0,0.0,300,false
01,73734683247,20220320185048,20220320191902,06,100.0,1.0,0.0,300,false
01,73734683247,20220405001442,20220405004052,06,100.0,1.0,0.0,300,false
01,73734683247,20220406035715,20220406040135,06,100.0,1.0,0.0,300,false
01,73734683247,20220416090219,20220416092918,06,100.0,1.0,0.0,300,false
